8000.313  8001.321     60.7   1.58   0.419
8000.947  8001.955      6.4   1.40   0.258
8001.437  8002.446     59.9   1.72   0.479
8002.191  8003.199     27.0   0.73   0.167
8002.545  8003.554     28.4   0.77   0.267
8002.932  8003.941     27.4   0.82   0.236
8003.253  8004.262      7.6   0.80   0.225
8003.638  8004.647      8.3   0.76   0.173
8005.369  8006.378      5.2   0.62   0.176
8006.229  8007.238     22.3   0.88   0.207
8006.599  8007.608     29.7   0.50   0.148
8007.492  8008.502    122.3   4.76   1.089
8009.079  8010.089     39.5   2.54   0.527
8010.877  8011.887     49.3   4.07   1.224
8011.573  8012.583     29.2   0.71   0.129
8011.886  8012.897      5.1   0.69   0.058
8012.255  8013.265      6.2   0.64   0.219
8012.517  8013.527      7.6   0.64   0.193
8012.961  8013.971     53.9   1.00   0.329
8013.361  8014.372     14.9   0.82   0.245
8014.046  8015.057     13.6   0.76   0.293
8014.672  8015.683     32.4   0.89   0.285
8016.029  8017.039     43.6   1.26   0.383
8017.067  8018.077     49.0   1.23   0.202
8017.442  8018.453      9.8   1.44   0.331
8019.237  8020.248     29.2   1.24   0.291
8020.087  8021.099     24.6   0.83   0.210
8020.509  8021.520     26.1   1.46   0.203
8020.730  8021.741     34.6   1.47   0.245
8022.068  8023.080     14.5   1.16   0.373
8023.086  8024.098     51.5   2.49   0.772
8023.490  8024.501     19.6   1.44   0.423
8023.840  8024.851     62.2   0.70   0.212  8024.840 Ti__1
8024.186  8025.197     17.7   0.40   0.083
8024.584  8025.595     18.8   2.75   0.430
8024.888  8025.900     49.6   2.85   1.042
8025.312  8026.324     54.2   3.02   0.933
8025.608  8026.620     18.9   2.90   0.362
8025.945  8026.957     45.7   2.85   0.656
8026.934  8027.946     63.3   1.58   0.489  8027.949 	Fe__1
8027.304  8028.316     95.9   1.88   0.501
8027.808  8028.820     25.3   1.87   0.296
8028.086  8029.098     33.3   1.88   0.592
8028.538  8029.550     41.7   1.39   0.289
8029.429  8030.441     29.9   0.86   0.183
8029.754  8030.766     30.4   0.86   0.190
8031.281  8032.294      5.3   0.90   0.205
8031.725  8032.737     31.7   0.99   0.388
8033.630  8034.643     24.3   0.58   0.186
8033.958  8034.971     76.1   0.64   0.165
8034.287  8035.300     34.6   0.61   0.175
8034.600  8035.613     36.1   0.60   0.128  8035.621 	Si__1
8035.025  8036.038      5.6   0.59   0.158
8035.298  8036.311     12.3   0.59   0.109
8036.471  8037.485     32.6   1.66   0.414
8037.136  8038.149     23.0   0.95   0.273
8039.184  8040.197     45.5   3.35   1.106
8039.583  8040.597     35.1   1.30   0.286
8039.880  8040.893      7.3   1.26   0.137
8040.743  8041.757     32.6   0.79   0.133
8042.276  8043.290     30.1   1.89   0.515
8042.875  8043.889     59.4   3.94   0.951
8043.320  8044.335     64.0   5.53   1.519
8043.887  8044.901     16.2   1.99   0.334
8044.402  8045.416     26.0   1.01   0.179
8045.037  8046.051    143.5   2.64   0.756
8045.381  8046.395     23.0   4.30   0.602
8045.578  8046.592     32.8   4.32   0.536
8046.601  8047.616    148.8   3.29   1.290  8047.625 	Fe__1
8048.367  8049.382     24.7   3.28   0.612
8048.972  8049.986     73.4   5.82   1.445
8049.556  8050.571      9.9   1.36   0.233
8050.053  8051.068     31.3   0.77   0.206
8050.319  8051.334      6.4   0.75   0.169
8050.769  8051.784      8.2   0.54   0.108
8051.751  8052.766      8.3   0.77   0.217
8052.055  8053.070     50.3   0.81   0.139
8052.455  8053.470     15.9   1.48   0.271
8053.152  8054.167     90.6   4.82   0.931
8053.873  8054.889     10.3   1.23   0.221
8054.371  8055.387     18.1   1.46   0.302
8054.965  8055.980     26.1   1.98   0.360  8056.016 	Co__1
8055.425  8056.440     15.4   2.13   0.568
8055.921  8056.936      9.1   1.15   0.245
8056.268  8057.283     34.8   0.75   0.159
8056.798  8057.814      6.8   0.84   0.172
8057.204  8058.220      7.4   0.72   0.170
8058.808  8059.824      8.8   0.47   0.160
8059.246  8060.262     43.9   1.76   0.376
8059.629  8060.645     43.2   2.72   1.005
8060.303  8061.319      5.8   0.71   0.138
8061.570  8062.586     46.6   0.96   0.249
8062.116  8063.133     13.2   0.76   0.190
8063.157  8064.174     57.4   3.30   1.132
8064.939  8065.956      7.7   0.73   0.228
8065.202  8066.218     21.6   0.74   0.127
8066.250  8067.267     43.0   3.36   0.872
8066.762  8067.779     17.2   1.12   0.187
8067.275  8068.292     43.1   2.42   0.737  8068.242 	Ti__1
8068.473  8069.490     12.8   1.62   0.354
8068.755  8069.773      6.5   1.62   0.348
8069.086  8070.103     13.8   1.55   0.399
8069.673  8070.690     76.4   1.01   0.248
8070.008  8071.025     24.2   0.98   0.243
8070.309  8071.327     26.9   0.98   0.248
8071.134  8072.152     59.7   1.90   0.263
8071.380  8072.398     44.2   1.87   0.366
8071.971  8072.989      8.6   0.86   0.174
8072.794  8073.812     12.5   2.99   0.528
8073.423  8074.441     40.7   2.86   0.564
8074.139  8075.157    115.8   2.99   0.867  8075.152 	Fe__1
8074.740  8075.758     22.6   2.09   0.343
8076.045  8077.063      7.4   2.06   0.274
8076.672  8077.690     18.0   1.38   0.449
8076.954  8077.972     19.8   1.38   0.346
8078.339  8079.358     10.3   1.02   0.357
8079.448  8080.466     44.1  21.02   0.366
8079.582  8080.601     64.8  20.15   0.368
8079.874  8080.893     34.3   1.69   0.203
8080.532  8081.551     50.1   3.33   0.962
8081.514  8082.532     50.3   1.59   0.621
8082.133  8083.152     26.2   1.66   0.335
8083.459  8084.478      9.5   1.16   0.398
8084.129  8085.148    154.8   1.80   0.529
8084.752  8085.772      9.3   0.95   0.269
8085.158  8086.177     47.1   0.87   0.219
8085.442  8086.461     31.4   0.85   0.123
8086.357  8087.376     17.6   0.99   0.266
8087.309  8088.329     27.3   0.55   0.162
8088.412  8089.432     35.9   2.00   0.392
8088.730  8089.750     30.2   1.98   0.460
8089.377  8090.397     49.9   3.47   0.989
8090.456  8091.477     54.3   1.31   0.286
8091.045  8092.065     14.8   1.16   0.291
8091.620  8092.640     99.2   2.50   0.573  8092.637 	Cu__1
8092.062  8093.082     79.2   7.58   1.986
8092.932  8093.952     63.9   1.41   0.210  8093.934 	Co__1
8094.278  8095.298     21.4   2.28   0.576
8094.913  8095.934     49.1   1.12   0.143
8095.837  8096.858     71.6   1.04   0.152  8096.879 	Fe__1
8096.587  8097.607     52.4   1.17   0.396
8096.979  8098.000     16.1   0.78   0.193
8097.444  8098.465      9.1   2.11   0.113
8097.704  8098.725     93.1  21.47   0.081
8101.376  8102.398     33.5   1.09   0.222
8102.182  8103.203     14.7   3.05   0.650
8102.797  8103.818     39.0   2.66   0.461
8103.099  8104.121     45.7   2.68   0.496
8103.735  8104.757      7.7   2.07   0.389
8104.231  8105.252     25.5   1.06   0.272
8104.687  8105.709     47.1   0.51   0.141
8105.228  8106.250     12.7   1.10   0.279
8105.747  8106.769     22.2   1.42   0.265
8106.214  8107.236     49.4   2.09   0.568
8107.252  8108.275     50.1   2.42   0.641
8107.834  8108.856     43.7   1.30   0.247
8108.717  8109.740     30.3   2.55   0.589
8108.994  8110.017     68.5   2.66   0.619
8109.606  8110.628     23.6   1.28   0.245
8110.777  8111.800     30.9   3.63   1.277
8111.108  8112.131     62.2   3.76   0.669  8112.168 	Fe__1
8112.417  8113.440     62.9   4.50   1.347
8113.668  8114.691     78.6   8.70   0.689
8113.906  8114.929    122.2   8.94   0.564
8114.685  8115.708     21.7   2.33   0.220
8114.895  8115.918     25.6   2.33   0.200
8115.645  8116.669     23.7   1.35   0.423
8115.900  8116.923     48.3   1.38   0.333
8116.245  8117.268     24.9   1.42   0.238
8117.729  8118.752     31.7   1.68   0.385
8118.111  8119.134     11.8   1.28   0.296
8118.691  8119.714     34.4   2.20   0.378
8118.944  8119.967     72.0   2.29   0.362
8120.625  8121.648     42.6   2.09   0.288
8121.212  8122.236     37.8   2.63   0.293
8121.475  8122.499     21.9   2.58   0.316
8122.266  8123.290     21.2   1.35   0.373
8122.588  8123.612     43.7   1.41   0.307
8122.914  8123.938     17.0   1.34   0.296
8123.312  8124.336     18.5   1.32   0.208
8123.621  8124.645     15.0   1.31   0.334
8124.016  8125.040     44.6   3.16   1.027
8124.562  8125.586     19.7   1.93   0.271
8125.153  8126.178     73.4   2.03   0.354
8125.429  8126.453     61.9   2.00   0.330
8125.963  8126.988     34.2   1.69   0.288
8126.866  8127.890     90.9   2.01   0.364
8128.307  8129.332     16.3   1.51   0.368  8129.320 Fe__1
8129.527  8130.552     63.5   4.09   0.988
8130.010  8131.035    108.4   5.22   1.115
8130.417  8131.442    129.9   3.60   1.128
8131.211  8132.236     62.5   1.05   0.360
8131.942  8132.967      9.5   1.25   0.386
8132.388  8133.413     26.6   1.07   0.263
8133.271  8134.296     67.7   6.74   2.008
8133.765  8134.790    213.4   7.12   1.788
8134.164  8135.189     45.0   2.84   0.748
8134.566  8135.592     21.5   2.43   0.509
8135.079  8136.104    197.3   4.40   1.476
8135.484  8136.510     16.7   2.41   0.720
8135.974  8136.999     20.0   3.04   0.262
8136.213  8137.239     33.6   2.94   0.431
8136.527  8137.553     88.1   2.61   0.789
8137.010  8138.036     47.8   4.23   1.231
8138.831  8139.857     58.6   2.46   0.691
8139.232  8140.258     38.9   3.38   0.809
8139.718  8140.744     66.6   3.76   1.130
8140.700  8141.727    209.1   4.56   1.042
8141.165  8142.192     34.9   2.25   0.652
8141.549  8142.575     19.9   2.11   0.462
8141.916  8142.942    200.2   4.41   1.803
8142.835  8143.862     13.6   2.18   0.438
8143.764  8144.791    115.2   4.58   1.313
8144.188  8145.215     34.2   2.86   0.485
8144.473  8145.500     49.1   2.91   0.741
8145.605  8146.632     38.5   2.57   0.314
8146.218  8147.245    118.5   3.41   1.194
8146.554  8147.581     16.0   3.03   0.433
8147.186  8148.213    125.9   3.09   1.387
8147.557  8148.584     33.0   2.74   0.487
8148.100  8149.128     88.4   7.54   0.698
8148.417  8149.445    189.7   8.48   1.933
8148.942  8149.969     74.6   7.33   2.063
8149.302  8150.329    100.0   4.78   1.513
8149.726  8150.753    219.0   7.97   1.898
8151.205  8152.233     13.4   1.27   0.199
8151.760  8152.787     12.5   1.78   0.237
8152.038  8153.066     24.2   1.80   0.366
8152.513  8153.541    185.5   4.39   1.855
8152.945  8153.973      9.0   1.88   0.403
8153.353  8154.381     18.1   1.47   0.276
8153.731  8154.759    149.8   6.43   1.977
8154.156  8155.184    113.0  11.49   2.972
8154.599  8155.627    331.3  11.39   3.320
8156.500  8157.528     14.0   2.56   0.592
8156.975  8158.004     23.1   1.92   0.368
8158.030  8159.059    235.7   7.64   3.164
8159.089  8160.118     13.6   1.88   0.355
8160.014  8161.043     17.0   1.80   0.395
8160.436  8161.465     41.8   5.74   1.049
8161.032  8162.061     63.4   8.28   1.534
8161.472  8162.501    318.7  31.13   3.627
8161.813  8162.842    137.0  28.07   2.535
8162.223  8163.253    448.2  11.84   5.151
8162.652  8163.681     51.3   5.77   1.571
8163.166  8164.195     24.7   3.03   0.623
8163.779  8164.809     47.3   0.82   0.217
8164.160  8165.189     78.1   5.15   0.841
8164.546  8165.576    351.3   7.95   3.370
8164.967  8165.997     59.1   4.38   0.950
8165.325  8166.355     82.4   2.17   0.687
8165.826  8166.856     23.6   1.15   0.207
8166.593  8167.622     44.9   1.88   0.416
8167.071  8168.101     44.4   1.75   0.514
8168.264  8169.294     38.0   3.67   0.702
8168.826  8169.855    215.9   9.42   2.274
8169.189  8170.219    123.8  22.34   2.860
8169.466  8170.496    164.8  23.14   3.000
8169.900  8170.930    318.2  18.92   4.555
8170.076  8171.106    238.1  20.34   3.955
8171.016  8172.046     13.6   1.22   0.335
8171.328  8172.359     15.5   1.23   0.284
8171.679  8172.709     12.2   0.98   0.281
8173.011  8174.042     68.6   1.13   0.271
8173.550  8174.581     18.3   1.20   0.452
8174.086  8175.117     28.9   1.22   0.179
8174.666  8175.696     40.7   2.16   0.648
8175.701  8176.732     30.9   1.76   0.294
8176.598  8177.629     67.8   5.41   0.995
8176.977  8178.008    344.0   8.63   3.535
8177.382  8178.413     42.8   5.72   1.105
8177.988  8179.019    260.5  12.25   3.893
8178.486  8179.517    186.6  17.90   3.004
8179.019  8180.050    257.4  13.37   3.905
8179.892  8180.924     44.3   2.07   0.486
8180.247  8181.279     44.2   2.09   0.543
8182.033  8183.065    514.7  11.35   4.546
8182.434  8183.466     32.7   9.06   1.820
8183.103  8184.135     40.9   2.57   0.770
8183.468  8184.500     27.3   3.79   0.437
8183.680  8184.712     17.6   3.77   0.480
8184.266  8185.298     13.7   4.00   0.781
8185.775  8186.807     68.4   4.26   0.801
8186.374  8187.406    221.0   7.48   2.696
8186.732  8187.764     32.5   2.84   0.778
8187.062  8188.094     64.0   3.46   0.324
8187.320  8188.353     17.4   3.38   0.346
8187.920  8188.952     31.8   1.18   0.151
8188.887  8189.920     30.6   4.45   0.736
8189.277  8190.310    331.6  10.27   3.606
8191.200  8192.233     23.0   2.04   0.298
8191.547  8192.579     38.6   2.08   0.510
8191.950  8192.983     43.7   2.53   0.833
8193.037  8194.070    188.7  28.16   3.928
8193.212  8194.245    313.3  25.66   5.359
8193.702  8194.735    265.5  27.85   3.963
8193.864  8194.897    160.4  29.93   2.614
8194.430  8195.464     50.1   2.67   0.608
8195.477  8196.511      8.7   0.91   0.349
8195.904  8196.937     41.0   0.80   0.179
8197.299  8198.332     45.2   4.97   1.198
8197.745  8198.779    386.1   8.51   3.318
8198.125  8199.159     34.5   4.76   1.102
8199.023  8200.057    109.7   2.91   0.785
8199.927  8200.960     85.8  41.84   1.033
8200.046  8201.080    112.0  41.29   1.416
8200.667  8201.701    211.6   6.92   1.826
8201.020  8202.054     17.7   1.92   0.326
8202.197  8203.231     38.0   1.21   0.308
8202.467  8203.501     15.4   1.18   0.255
8203.083  8204.117     47.1   1.49   0.490
8203.907  8204.941     80.2   2.99   0.841
8204.285  8205.319     19.4   2.25   0.627
8204.751  8205.786     46.5   1.67   0.580
8205.915  8206.950     33.2   1.62   0.546
8206.710  8207.745     95.0   0.79   0.299  8207.754 	Fe__1
8207.177  8208.211     21.5   0.77   0.139
8207.504  8208.539     37.1   0.79   0.304
8208.592  8209.627     42.1   1.58   0.406
8209.568  8210.603     55.3   1.77   0.633
8210.304  8211.339     77.2   1.19   0.290
8211.564  8212.599     26.4   6.21   0.363
8211.796  8212.831     50.2   7.06   0.458
8212.075  8213.110    230.0  10.29   0.728
8212.882  8213.917     19.4   1.54   0.206
8218.656  8219.693     40.7   0.89   0.151
8219.346  8220.382    168.7   2.61   0.779
8220.259  8221.296     24.5   1.63   0.390
8221.163  8222.199     29.3   1.77   0.388
8221.573  8222.609    166.5   3.57   1.089
8221.856  8222.892     26.0   3.08   0.620
8223.133  8224.170     20.4   0.71   0.203
8223.995  8225.032    171.3   3.86   1.599
8224.421  8225.458     65.4   1.86   0.387
8225.694  8226.731    121.4   2.70   0.861
8226.190  8227.227     23.5   2.82   0.427
8226.959  8227.996    365.5  12.48   3.211
8227.444  8228.481     96.1  11.28   2.650
8228.124  8229.161    457.1  14.07   3.419
8228.440  8229.477    665.6   1.20   3.894
8229.033  8230.070     54.5   7.72   2.395
8229.393  8230.430     24.3   4.06   0.796
8229.752  8230.790    216.6   7.81   2.256
8230.506  8231.544     74.7   6.09   0.682
8230.790  8231.828     59.3   5.98   1.048
8231.201  8232.239    261.5  15.18   3.316
8231.491  8232.528    527.8  11.41   4.286
8232.891  8233.929     17.8   0.94   0.322
8233.535  8234.573     41.0   3.70   0.759
8233.911  8234.949    235.3   6.23   2.756
8234.308  8235.346     27.1   2.42   0.547
8234.650  8235.688     63.6   2.72   0.347
8234.943  8235.982     30.7   2.62   0.248
8236.136  8237.175     63.8   2.36   0.411
8236.386  8237.424     60.7   2.35   0.366
8237.341  8238.379    109.5   2.73   1.044
8238.093  8239.131     90.4   2.60   0.753  8239.137 	Fe__1
8239.935  8240.974     95.8   2.49   0.766
8240.673  8241.712     37.7   2.03   0.519
8241.109  8242.148     19.5   1.61   0.328
8241.419  8242.458     19.0   1.61   0.472  8242.516 	N __1
8242.418  8243.457     23.8   2.35   0.435
8242.732  8243.771     65.7   2.47   0.920
8243.083  8244.122    110.3   5.53   1.053
8243.491  8244.530    281.8   9.31   3.078
8245.756  8246.796     31.1   1.41   0.289
8246.249  8247.289     34.6   1.10   0.280
8246.610  8247.650     12.1   1.21   0.268
8247.096  8248.135     82.0   1.73   0.642  8248.133 	Fe__1
8247.777  8248.817     29.6   1.11   0.325  8248.812 	Ca__2
8249.929  8250.969     25.1   1.68   0.236
8250.618  8251.659     16.4   1.93   0.336
8250.958  8251.998     21.4   1.94   0.543
8251.558  8252.598     11.0   1.43   0.397
8252.726  8253.767    145.3   3.32   1.212
8253.254  8254.294     19.9   1.23   0.265
8253.728  8254.769      6.3   1.21   0.218  8254.715 	Ca__2
8254.842  8255.883      9.6   0.98   0.308
8255.460  8256.501     41.4   1.19   0.270
8255.870  8256.910     22.1   3.96   0.671
8256.512  8257.553    311.7  12.18   3.278
8257.422  8258.463     43.5   3.84   0.985
8257.798  8258.839     33.2   3.03   0.808
8258.880  8259.921      7.0   0.70   0.121
8259.699  8260.740    185.9   5.39   1.909
8260.369  8261.410     13.6   1.27   0.323
8260.869  8261.910     24.5   0.80   0.205
8262.284  8263.325     11.1   2.26   0.466
8262.815  8263.857     49.4   3.51   0.465
8263.434  8264.476    159.6   5.11   1.387
8263.957  8264.999     24.8   0.78   0.119
8265.379  8266.421     57.8   1.15   0.284
8266.137  8267.179     20.9   2.19   0.501
8267.014  8268.056     41.4   1.59   0.277
8268.328  8269.370      5.4   1.10   0.152
8268.580  8269.623     25.0   1.12   0.291  8269.652 	Fe__1
8269.178  8270.220     22.9   1.83   0.334
8271.384  8272.427     30.5   2.56   0.529
8272.046  8273.089    188.5   5.38   2.146
8272.457  8273.500     43.0   2.37   0.341
8272.921  8273.964     31.2   2.25   0.759
8273.231  8274.274     75.0   2.37   0.627
8273.584  8274.627     15.7   2.65   0.507
8274.360  8275.403    300.8  10.11   3.229
8274.842  8275.885     78.6   4.22   0.930  8275.895 	Fe__1
8275.218  8276.261     26.2   3.00   0.848
8275.712  8276.755     40.6   2.67   0.620
8276.580  8277.623    199.0  15.19   0.923
8276.686  8277.730    152.7  15.80   0.993
8277.817  8278.861     35.3   1.63   0.364
8278.729  8279.773     12.8   0.80   0.147
8279.189  8280.233     15.8   2.72   0.548
8279.603  8280.647    212.6   6.19   2.737
8279.987  8281.031     11.6   3.76   0.674
8281.044  8282.088     30.4   2.24   0.452
8281.619  8282.663     66.0   5.98   1.105
8282.022  8283.066    298.1   7.79   3.051
8282.390  8283.434     44.1   4.06   0.903
8282.670  8283.715     10.8   3.91   0.240
8284.048  8285.093     30.8   1.67   0.383
8284.642  8285.687      8.4   1.94   0.350
8286.385  8287.430     63.9   3.26   0.819
8286.928  8287.972     26.9   2.51   0.361
8287.560  8288.605     25.7   5.09   1.025
8287.954  8288.999    325.6   8.80   3.393
8288.333  8289.378     82.6   4.79   1.274
8288.635  8289.680     39.5   4.55   0.282
8288.978  8290.023     48.3   4.26   0.479
8289.526  8290.571    180.1   4.95   1.868
8290.151  8291.197      9.3   2.05   0.550
8290.960  8292.005     10.4   1.19   0.138
8291.231  8292.277      8.4   1.19   0.315
8291.742  8292.788     17.8   1.48   0.375
8292.467  8293.512     93.1   3.04   0.942  8293.516 	Fe__1
8293.673  8294.719     51.3   3.83   0.957
8294.181  8295.227    260.1  11.46   2.348
8294.530  8295.576    157.5  10.43   1.198
8295.259  8296.305     69.3   3.62   0.970
8295.565  8296.611     24.3   3.44   0.338
8296.022  8297.068     19.5   0.83   0.225
8296.317  8297.363     12.5   0.83   0.181
8296.730  8297.776      5.1   0.73   0.247
8297.019  8298.065     17.5   0.74   0.208
8297.418  8298.464     62.9   0.80   0.241
8297.962  8299.008     19.6   0.68   0.093
8298.934  8299.980      9.6   1.99   0.302  8299.988 	Fe__1
8300.415  8301.461    233.7   6.67   2.667
8302.187  8303.234     10.1   1.08   0.200
8303.742  8304.789     18.9   2.34   0.378
8304.343  8305.390    188.1   9.28   2.042
8305.092  8306.139    279.0  12.27   3.118
8305.700  8306.748     27.3   2.79   0.594
8306.506  8307.553     54.5   1.82   0.493
8308.309  8309.356     21.3   1.06   0.455
8308.718  8309.766     35.8   1.85   0.490
8309.153  8310.200     70.4   2.91   1.072  8310.254 	Mg__1
8309.998  8311.046     25.7   0.76   0.230
8310.256  8311.304     33.7   0.76   0.178
8310.718  8311.766      8.3   1.15   0.258
8311.514  8312.562     33.3   5.08   1.272
8311.922  8312.969    164.8   4.75   1.473
8312.243  8313.291     44.2   4.13   0.530
8312.869  8313.917      7.3   1.44   0.352
8313.415  8314.463     15.1   1.29   0.364
8313.842  8314.890     75.2   1.46   0.299
8314.825  8315.873     18.4   1.30   0.290
8315.900  8316.949     12.5   3.04   0.706
8316.231  8317.280    125.6   3.47   1.217
8316.997  8318.045     17.5   1.23   0.308
8318.157  8319.206    230.6   6.73   2.552
8318.504  8319.553     16.1   5.30   0.956
8319.111  8320.160      6.7   1.51   0.343
8319.379  8320.428     16.2   1.53   0.213
8319.821  8320.870     34.0   1.29   0.324
8320.404  8321.453     42.6   3.69   0.483
8320.685  8321.734     42.2   3.68   0.438
8321.395  8322.444    438.8  17.87   4.310
8321.730  8322.779     73.1  19.19   1.206
8322.219  8323.269     22.1   2.60   0.644
8323.036  8324.085     12.4   2.73   0.753
8324.393  8325.443     29.3   1.65   0.449
8325.017  8326.066     12.2   1.66   0.265
8325.333  8326.382     13.1   1.66   0.302
8326.005  8327.055    237.0   5.76   1.194  8327.055 	Fe__1
8326.315  8327.365     34.1   4.69   0.427
8326.955  8328.004     12.3   1.34   0.287
8327.500  8328.550      6.1   1.32   0.277
8327.898  8328.948     11.5   1.93   0.706
8328.521  8329.571     10.8   1.11   0.217
8328.810  8329.860      9.8   1.11   0.359
8329.313  8330.364     38.6   1.60   0.254
8329.683  8330.733    153.4   4.60   1.227
8330.393  8331.443     79.4   6.04   1.361
8330.861  8331.911    141.5   3.55   0.646
8331.801  8332.852     10.0   1.66   0.402
8332.196  8333.246     63.9   1.86   0.565
8339.432  8340.483     16.7   3.45   0.087
8341.211  8342.262     50.7   3.36   0.915
8341.839  8342.891     50.6   1.72   0.211
8342.313  8343.365     70.3   2.09   0.522
8342.704  8343.756     26.7   4.07   1.069
8344.089  8345.141      9.2   0.77   0.142
8344.359  8345.411      9.2   0.77   0.254
8344.705  8345.757     33.1   0.72   0.162
8345.063  8346.115     85.7   3.11   0.241
8345.302  8346.354     13.2   2.94   0.523
8346.235  8347.287     31.9   1.95   0.247
8347.275  8348.328     58.1   2.03   0.200
8347.981  8349.034    101.9   3.20   0.605
8348.759  8349.812     27.0   1.26   0.405
8349.165  8350.217     69.3   2.99   0.325
8349.383  8350.435     44.1   2.66   0.223
8349.676  8350.729     34.6   1.46   0.171
8351.093  8352.146      8.6   1.20   0.327
8351.348  8352.401     16.0   1.21   0.269
8352.113  8353.166     36.8   1.52   0.429  8353.148 	Ti__1
8352.802  8353.855     18.6   1.51   0.245
8353.252  8354.306     47.1   2.66   0.874
8353.609  8354.663     86.2   2.41   0.684
8354.319  8355.372     26.4   2.33   0.678
8354.787  8355.840     48.3   3.49   0.826
8355.291  8356.345     22.0   2.10   0.475
8355.608  8356.661     22.1   2.10   0.297
8356.765  8357.818     14.9   3.00   0.506
8357.032  8358.086    115.8   3.32   0.854
8357.424  8358.477    114.7   2.20   0.589  8358.520 Fe__1
8358.138  8359.192      9.1   0.90   0.297
8358.889  8359.943      5.2   0.65   0.162
8359.693  8360.747    104.5   2.45   0.777
8360.946  8362.000      5.7   1.84   0.331
8361.476  8362.530     24.3   1.34   0.326
8362.007  8363.061     51.6   1.69   0.495
8362.299  8363.353     94.0   1.77   0.405
8362.762  8363.816     48.5   1.42   0.326
8363.183  8364.238     94.1   1.97   0.850  8364.238 	Ti__1
8364.600  8365.654    120.2   1.47   0.521  8365.641 	Fe__1
8365.025  8366.080      8.6   0.78   0.210
8365.493  8366.548     12.6   0.68   0.200
8366.601  8367.656      7.4   1.57   0.346
8367.333  8368.388     76.7   1.79   0.719
8368.171  8369.226     23.2   0.88   0.302
8368.843  8369.898     47.5   0.59   0.129
8369.553  8370.608     22.0   1.07   0.324
8370.412  8371.468     57.2   1.55   0.454
8371.126  8372.182     15.7   1.29   0.176
8371.710  8372.766     41.6   1.46   0.307
8372.783  8373.838     10.2   1.51   0.292
8373.005  8374.061     14.3   1.40   0.147
8373.227  8374.282     30.8   1.63   0.161
8373.719  8374.774     63.5   1.18   0.518
8374.557  8375.613     14.2   0.47   0.161
8375.337  8376.392     30.0   1.51   0.388
8375.664  8376.720      8.7   1.48   0.182
8376.359  8377.415     84.5   3.45   0.977
8376.799  8377.856    119.8   2.77   0.854  8377.863 	Ti__1
8377.124  8378.180     52.8   2.57   0.243
8378.303  8379.359     13.3   1.00   0.299
8381.227  8382.284     44.5   4.85   0.525
8381.519  8382.576    138.1   7.68   0.992  8382.539 	Ti__1
8381.771  8382.828     91.5   9.14   1.376  8382.777 	Ti__1
8382.249  8383.306     51.2   2.76   0.454
8382.532  8383.588     17.7   2.66   0.245
8383.455  8384.512      7.4   0.51   0.127
8383.745  8384.802     36.9   0.52   0.118
8384.172  8385.229     24.5   0.62   0.228
8384.930  8385.987     35.9   2.24   0.379
8385.465  8386.523     53.3   3.61   0.840
8386.339  8387.396     24.6   3.08   0.725
8386.731  8387.789    247.3   3.75   0.992  8387.777 	Fe__1
8387.145  8388.202     32.3   2.85   0.846
8387.782  8388.839     20.4   0.82   0.234
8388.146  8389.203     31.2   0.97   0.158
8388.417  8389.475     19.2   0.96   0.198
8389.064  8390.122     19.5   2.19   0.587
8389.393  8390.451     59.6   2.29   0.531
8390.138  8391.196     25.8   0.70   0.163
8390.587  8391.645     10.2   0.63   0.132
8391.257  8392.315     10.0   0.65   0.116
8391.684  8392.742      7.2   0.79   0.237
8392.159  8393.217      8.7   0.72   0.189
8393.073  8394.131     34.7   1.58   0.297
8393.680  8394.738      8.4   1.06   0.178
8394.055  8395.113     63.3   1.07   0.264
8394.505  8395.563      9.0   0.93   0.302
8394.882  8395.941      6.8   0.62   0.211
8395.852  8396.911    113.0   2.76   0.679  8396.898 	Ti__1
8396.907  8397.965     15.3   1.34   0.381
8397.174  8398.233     15.9   1.34   0.289
8397.471  8398.530     32.7   1.28   0.292
8398.754  8399.813     10.0   1.37   0.340
8399.998  8401.057      9.1   1.13   0.306
8400.355  8401.414     82.6   1.49   0.311  8401.406 	Fe__1
8400.685  8401.744     43.2   1.42   0.537
8401.598  8402.657     35.8   1.73   0.469
8403.251  8404.310     15.6   0.89   0.201
8403.632  8404.692     11.2   1.14   0.336
8404.281  8405.340     38.7   1.42   0.348
8404.679  8405.739     22.6   0.88   0.321
8405.366  8406.425     29.9   1.03   0.178
8405.628  8406.688      6.3   1.01   0.253
8406.176  8407.235     22.5   0.87   0.252
8407.094  8408.154     21.6   1.63   0.586
8407.525  8408.585     13.2   1.29   0.266
8408.426  8409.486     14.0   1.47   0.551
8408.754  8409.814     35.9   1.61   0.201
8409.040  8410.100      8.3   1.56   0.260
8409.608  8410.669     16.4   1.29   0.250
8410.243  8411.303     38.8   1.96   0.449
8410.491  8411.552     17.4   1.92   0.309
8411.321  8412.381    142.1   2.79   0.815  8412.355 	Ti__1
8412.625  8413.686      8.9   1.56   0.512
8412.938  8413.999     41.1   1.62   0.479
8414.154  8415.214      6.8   1.06   0.244
8414.485  8415.545     19.0   1.08   0.243
8415.444  8416.505     39.1   1.81   0.466
8415.850  8416.911     35.7   1.87   0.613
8416.168  8417.229     42.7   2.60   0.478
8416.400  8417.461     20.0   2.71   0.266
8417.238  8418.299     13.8   1.40   0.317
8417.592  8418.653     16.7   1.40   0.524
8418.394  8419.456     42.8   2.86   0.666
8418.779  8419.841     52.0   1.76   0.452
8419.409  8420.470     35.2   0.99   0.250
8420.313  8421.375     13.0   2.56   0.349
8420.538  8421.600      7.0   2.55   0.311
8421.330  8422.392     16.1   2.17   0.473
8421.883  8422.945     52.1   1.86   0.372  8422.914 	Fe__1
8422.141  8423.203     23.5   1.81   0.354
8423.082  8424.144     52.8   1.50   0.439  8424.141 	Fe__1
8423.383  8424.445     14.7   1.44   0.204
8424.618  8425.680     32.0   2.18   0.481
8424.888  8425.950     50.8   2.22   0.691
8425.450  8426.512    140.5   3.35   0.941  8426.512 	Ti__1
8425.956  8427.018     60.5   2.70   0.766
8426.458  8427.520     14.1   1.40   0.358
8426.904  8427.967      7.8   1.09   0.351
8427.348  8428.411      6.3   0.74   0.187
8427.788  8428.851      8.0   0.75   0.138
8428.907  8429.970     15.9   0.84   0.373
8430.146  8431.209     18.5   1.51   0.377
8430.803  8431.866     15.4   1.97   0.537
8431.287  8432.350     11.5   1.60   0.410
8432.195  8433.258      6.8   1.40   0.556
8433.527  8434.590     38.4   2.29   0.731
8433.887  8434.950    181.0   4.65   0.781  8434.969 	Ti__1
8434.583  8435.646    158.9   3.80   0.809  8435.660 Ti__1
8435.725  8436.789     21.5   0.85   0.337
8436.048  8437.112     13.9   0.85   0.153
8436.385  8437.449     47.2   0.87   0.121
8437.614  8438.678     26.9   2.12   0.214
8437.863  8438.927     41.3   2.06   0.230
8438.188  8439.252     23.2   1.66   0.508
8438.519  8439.583    117.1   1.81   0.441  8439.578 	Fe__1
8439.363  8440.427     23.9   0.63   0.225
8439.705  8440.769     23.9   1.50   0.146
8439.893  8440.957     15.9   1.55   0.119
8440.344  8441.408     10.1   1.13   0.279
8440.706  8441.770     40.6   1.45   0.557
8442.505  8443.569     24.8   1.40   0.274
8442.904  8443.968     37.9   1.30   0.504  8443.977 	Si__1
8443.331  8444.396     26.1   1.07   0.290  8444.387 	Si__1
8444.239  8445.303     17.8   0.79   0.257
8444.673  8445.737     11.9   1.81   0.463
8444.983  8446.048     28.9   1.92   0.616
8445.303  8446.368     73.8   2.18   0.427
8445.587  8446.651     32.4   2.12   0.606
8446.100  8447.165     15.8   1.49   0.307
8446.616  8447.681     45.1   1.05   0.285
8448.907  8449.972     64.3   6.56   1.568
8449.832  8450.897     28.4   0.77   0.277  8450.879 	Ti__1
8452.644  8453.710     11.5   1.27   0.261
8453.056  8454.122     13.0   1.05   0.355
8454.227  8455.293     16.9   1.40   0.269
8464.140  8465.207     31.4   2.53   0.772
8464.563  8465.631     36.1   1.74   0.470
8464.928  8465.995     18.0   1.66   0.460
8465.432  8466.499     23.9   1.45   0.297
8466.086  8467.153     25.4   0.69   0.134  8467.141 	Ti__1
8466.586  8467.653      8.0   1.07   0.348
8466.974  8468.041      6.8   1.56   0.348
8467.349  8468.416    204.9   2.46   0.813
8467.688  8468.755     24.5   2.01   0.417
8468.141  8469.208      6.0   1.08   0.263
8468.851  8469.918     22.6   1.00   0.214
8469.392  8470.460      7.9   0.91   0.237
8469.858  8470.926     20.8   0.79   0.285
8470.650  8471.718     63.9   1.53   0.437  8471.746 	Fe__1
8471.293  8472.362     35.8   1.06   0.318
8472.638  8473.707     15.7   0.92   0.213  8473.680 Mg__1
8475.640  8476.709      6.5   0.93   0.215
8476.024  8477.093     14.8   0.58   0.139
8476.437  8477.506     17.4   0.72   0.233
8476.889  8477.958      5.2   0.99   0.244
8477.371  8478.440     13.9   1.22   0.443
8478.535  8479.603     13.1   0.92   0.220
8478.880  8479.949      8.8   0.92   0.267
8479.324  8480.393     24.5   0.94   0.278
8479.574  8480.643     24.5   0.89   0.193  8480.645 	Fe__1
8479.857  8480.926      7.0   0.77   0.189
8480.507  8481.576     21.6   0.72   0.200
8480.923  8481.993     47.1   1.01   0.284  8481.988 	Fe__1
8481.214  8482.283     11.6   0.97   0.201
8482.002  8483.071     22.2   1.06   0.364
8482.361  8483.430     16.4   1.05   0.204
8483.932  8485.001     12.2   0.77   0.114
8485.954  8487.024      7.2   1.11   0.288
8486.567  8487.637     23.9   1.41   0.282
8486.877  8487.947     56.0   1.47   0.428
8487.225  8488.295     36.9   1.65   0.344
8487.482  8488.552     14.5   1.66   0.307
8488.298  8489.368     14.2   1.16   0.292
8489.415  8490.485      7.9   0.64   0.257
8489.941  8491.012      5.3   0.66   0.245
8490.230  8491.301     26.1   0.72   0.176
8490.500  8491.570     14.7   0.72   0.118
8491.005  8492.075     14.7   0.62   0.215  8492.082 	Si__1
8491.314  8492.385      5.6   0.61   0.147
8491.734  8492.804     17.0   0.85   0.232
8492.331  8493.402     21.5   0.98   0.299
8492.705  8493.776     10.0   1.16   0.241
8495.017  8496.088     21.5   1.65   0.389
8495.907  8496.978     86.9  10.56   0.535
8496.145  8497.217     55.9   9.10   0.522
8496.465  8497.536    127.1   6.51   1.865
8496.979  8498.050    571.5   7.38   2.656
8497.524  8498.595    105.0  11.94   2.782
8498.119  8499.190     39.5   7.04   1.422
8498.822  8499.894      9.5   1.70   0.460
8499.998  8501.070      6.6   0.94   0.174
