5000.116  5000.747     17.8   1.07   0.258  5000.740 FE2  26.1
5000.356  5000.986     81.6   2.35   0.656
5000.871  5001.501      6.4   1.19   0.208  5001.479 	Ca__2
5001.251  5001.881    146.1   8.66   3.095  5001.864 	Fe__1
5002.159  5002.790    111.2   6.74   1.140  5002.790 FE1  26.0
5003.137  5003.768     87.3   5.85   2.782
5003.416  5004.047     74.1   6.18   1.248
5003.714  5004.345     57.4   2.87   0.995
5004.264  5004.895     35.7   1.62   0.783
5004.541  5005.172     54.9   2.52   0.734  5005.157 	Ti__2
5005.107  5005.738    156.2  13.05   3.308  5005.712 	Fe__1
5005.441  5006.072    254.3  13.84   5.460  5006.059 	Si__1
5006.061  5006.692     20.8   3.55   0.697
5006.606  5007.237    189.5   7.19   2.372  5007.210 	Ti__1
5007.093  5007.724     43.0   1.44   0.472
5008.017  5008.649     21.1   2.29   0.721
5009.015  5009.647     95.7   5.99   1.745
5009.393  5010.025     54.3   3.35   0.695
5009.617  5010.248     59.6   2.15   0.836  5010.211 	Ti__2
5010.307  5010.938     64.0   3.34   1.224
5011.147  5011.779     18.3   3.56   1.179
5011.472  5012.103    231.3  10.21   3.697  5012.068 	Fe__1
5011.791  5012.423     93.2   8.62   2.787
5012.056  5012.688     61.4   1.99   0.581  5012.690 FE1  26.0
5012.673  5013.305    103.6   4.98   1.468
5013.065  5013.697     93.5   9.15   1.414  5013.686 	Ti__2
5013.604  5014.236    205.9   8.98   2.682
5014.025  5014.657     20.7   4.25   1.059
5014.309  5014.941    132.1   4.26   1.593  5014.940 FE1  26.0
5014.673  5015.305     27.7   1.90   0.421
5015.533  5016.165    120.7   6.46   2.336
5015.830  5016.462     55.3   4.60   1.406  5016.480 FE1  26.0
5016.254  5016.886     66.9   1.99   0.897
5016.954  5017.587    112.8   4.82   1.540  5017.568 	Ni__1
5017.427  5018.060     51.6   8.94   2.445
5017.762  5018.395    254.7   9.26   2.865
5018.551  5019.184     26.9   1.27   0.278
5019.098  5019.731     48.0   1.81   0.392
5019.388  5020.021    129.2   3.50   1.690
5019.955  5020.588     22.4   4.11   1.416
5020.155  5020.788     52.9   4.36   0.950
5020.987  5021.620    100.4   1.98   0.603
5021.295  5021.928     59.5   3.33   1.048
5021.599  5022.232    120.5   4.03   1.315  5022.230 FE1  26.0
5022.234  5022.867    121.0   3.91   2.071
5022.553  5023.186     57.0   2.13   0.482  5023.180 FE1  26.0
5022.874  5023.507     55.9   1.68   0.484  5023.490 FE1  26.0
5023.562  5024.195     20.9   1.90   0.459
5024.217  5024.850    121.9   9.24   2.173
5024.642  5025.275     35.9   6.72   1.164  5025.300 FE1  26.0
5024.920  5025.553     97.3   1.84   0.918
5025.164  5025.797      9.4   1.22   0.255
5026.563  5027.197    215.2  12.46   3.408
5027.108  5027.742    104.5   9.37   1.714
5027.497  5028.131    118.4   6.56   1.307  5028.120 FE1  26.0
5028.991  5029.625     85.7   6.92   1.284  5029.610 FE1  26.0
5030.141  5030.775     52.1   1.66   0.469
5030.397  5031.032    115.6   4.01   1.176  5031.021 	Sc__2
5031.283  5031.918     45.2   1.12   0.214  5031.910 FE1  26.0
5032.079  5032.714     37.7   2.12   0.745
5032.900  5033.534     13.3   0.89   0.232
5034.266  5034.900      7.8   0.66   0.302
5034.730  5035.365    109.8   2.83   1.575  5035.357 	Ni__1
5035.296  5035.931    156.3   8.30   1.869
5035.785  5036.420    149.9  14.82   4.269
5036.284  5036.919     57.0   1.40   0.573  5036.920 FE1  26.0
5037.125  5037.760     21.7   1.18   0.280
5037.827  5038.463    168.6  14.69   5.599
5038.429  5039.064     12.2   1.69   0.618
5038.653  5039.288    151.1   3.81   1.109
5039.323  5039.958    130.0   4.30   2.310
5039.611  5040.246     16.8   1.42   0.321
5040.010  5040.645     84.4   5.34   1.788
5040.351  5040.986    305.3   6.94   2.403  5041.024 	Si__2
5040.750  5041.385     96.2   8.01   2.377
5041.078  5041.713    280.2  10.72   2.242
5041.530  5042.166     84.8  10.55   2.369
5041.920  5042.556     14.4   0.80   0.233
5042.695  5043.331      6.0   1.66   0.306
5042.951  5043.586     72.5   1.38   0.695
5043.575  5044.210    105.6   3.70   1.420  5044.210 FE1  26.0
5044.766  5045.402     55.5   2.28   0.696
5047.472  5048.108    100.9  12.95   3.976
5047.806  5048.442    104.2  11.67   2.453  5048.430 FE1  26.0
5048.168  5048.804    115.6   9.28   2.338
5049.175  5049.811    192.1   7.78   2.230  5049.820 	Fe__1
5049.419  5050.055     13.6   2.28   0.674
5049.902  5050.538      6.9   0.81   0.198
5050.271  5050.908      5.9   0.83   0.181
5050.972  5051.609    211.0   4.55   2.138  5051.635 	Fe__1
5051.250  5051.887     75.2   2.25   0.526
5051.467  5052.104     12.2   1.27   0.223
5052.194  5052.831     43.6  14.78   0.715
5052.312  5052.949     64.5  14.81   0.598
5052.684  5053.321     22.6   2.59   0.735
5052.941  5053.578     27.7   2.90   0.929
5053.410  5054.047     14.0   1.01   0.247
5054.003  5054.641     62.3   2.83   0.919
5054.951  5055.589      8.9   1.39   0.454
5055.366  5056.003     37.6   1.47   0.617  5055.984 	Si__2
5055.549  5056.187     12.6   1.41   0.465
5056.205  5056.842     57.3   2.64   0.562  5056.840 FE1  26.0
5056.841  5057.479     34.1   1.72   0.573
5057.332  5057.970     51.9   1.68   0.572
5057.857  5058.494     26.6   2.32   0.556  5058.490 FE1  26.0
5058.258  5058.895      8.9   1.35   0.445
5059.155  5059.793     12.6   1.57   0.227
5059.436  5060.074    130.6   4.03   2.499  5060.070 FE1  26.0
5061.093  5061.731     10.0   1.26   0.425
5061.466  5062.104     43.4   1.19   0.456
5062.538  5063.176     12.7   1.12   0.213
5063.078  5063.716     10.5   1.16   0.311
5063.430  5064.068     14.6   1.81   0.472
5064.029  5064.667    162.7  10.35   3.319
5064.421  5065.060    266.4  15.63   5.564
5065.318  5065.956     83.0   1.56   0.547
5066.110  5066.748     19.4   1.67   0.683
5066.513  5067.152     93.6   1.72   0.817  5067.150 FE1  26.0
5067.100  5067.739     71.8   2.46   0.622
5067.660  5068.299     48.4   2.36   0.768
5068.129  5068.768    145.0   3.73   1.639  5068.766 	Fe__1
5068.434  5069.073     22.5   1.52   0.340  5069.092 	Ti__2
5068.758  5069.397     46.7   0.99   0.237
5069.466  5070.106     22.4   2.29   0.677
5070.842  5071.481     75.9   2.05   0.827
5071.445  5072.084    103.5   2.79   0.884
5071.645  5072.285     55.7   2.55   0.392  5072.287 	Ti__2
5072.038  5072.677     88.2   2.24   1.100
5072.285  5072.925     83.7   2.45   0.817
5072.832  5073.471     20.3   1.18   0.511
5073.110  5073.750     13.6   0.55   0.149
5074.113  5074.753    125.1   3.43   1.520  5074.748 	Fe__1
5074.662  5075.302     53.4   2.81   0.813
5075.639  5076.279    113.4   4.35   0.916
5075.940  5076.580     51.1   3.13   0.872
5076.252  5076.892     12.5   2.67   0.632
5076.698  5077.338      9.5   1.56   0.318
5077.506  5078.146      7.1   1.73   0.409
5077.878  5078.518     15.9   2.35   0.425
5078.336  5078.976    116.9   4.63   1.174  5078.975 	Fe__1
5078.581  5079.221    145.2   4.03   1.802  5079.220 FE1  26.0
5079.186  5079.826    287.0  14.32   6.490
5079.860  5080.500    153.2  12.55   3.378  5080.528 	Ni__1
5080.450  5081.091    120.2   8.13   2.123  5081.107 	Ni__1
5080.936  5081.577     39.5   1.16   0.483
5081.201  5081.841     20.7   1.22   0.259
5081.708  5082.348     89.0   2.55   0.574
5082.404  5083.045     24.1   2.04   0.567
5082.698  5083.339    168.5   4.94   2.598  5083.339 	Fe__1
5083.092  5083.732     32.9   1.74   0.560
5083.455  5084.096    102.3   3.43   1.462  5084.089 	Ni__1
5083.924  5084.565     24.4   2.29   0.469
5084.828  5085.469     69.6   9.83   2.204
5085.614  5086.255     14.5   1.02   0.205
5086.160  5086.801     21.7   2.76   1.150
5086.406  5087.048     89.9   6.74   1.289
5086.769  5087.411     78.3   6.69   1.737  5087.416 	Y___2
5087.499  5088.140     56.6   1.81   0.629
5087.902  5088.544     49.9   2.12   0.534
5088.322  5088.964     45.8   1.38   0.414
5088.588  5089.230     22.4   1.96   0.567
5089.200  5089.842     16.4   2.48   0.791
5089.760  5090.402     13.3   0.78   0.226
5090.140  5090.782    105.7   1.97   0.933  5090.774 	Fe__1
5090.652  5091.294     11.5   1.67   0.280
5091.215  5091.857     52.6   4.16   1.324
5091.667  5092.309     23.7   1.64   0.471
5092.160  5092.802     35.0   2.06   0.558
5092.855  5093.497      6.3   1.16   0.186
5093.395  5094.037      7.2   1.60   0.308
5093.766  5094.408     45.1   2.55   0.858
5094.308  5094.950     40.0   2.84   0.552
5094.637  5095.279     23.9   2.95   0.856
5095.191  5095.833      9.4   0.93   0.342
5095.495  5096.138      7.5   0.98   0.203
5096.166  5096.808     42.5   6.85   0.903
5096.328  5096.970    138.9   7.44   0.824  5096.998 	Fe__1
5096.827  5097.470     67.3   3.40   0.878
5097.482  5098.125     26.4   1.88   0.296
5098.028  5098.671    239.0  11.67   3.182  5098.698 	Fe__1
5098.409  5099.051    107.4  11.97   3.500
5098.684  5099.327    113.6   7.46   1.637
5099.278  5099.921    102.4   2.89   1.096
5100.017  5100.660     32.4   1.48   0.388  5100.660 FE2  26.1
5100.299  5100.942     26.6   3.72   1.160
5100.791  5101.434     14.0   1.06   0.253
5101.755  5102.398     28.5   1.90   0.502
5102.333  5102.977     98.1   2.55   0.952
5103.127  5103.771      9.9   2.90   0.637
5103.434  5104.077     87.9   9.09   3.074
5103.795  5104.439     62.6   6.50   1.383  5104.430 FE1  26.0
5104.630  5105.273     10.0   1.43   0.443
5104.894  5105.537    143.4   3.63   1.923
5105.882  5106.526     29.6   4.33   1.467
5106.895  5107.539    300.0   3.64   1.252
5107.147  5107.790     21.2   3.00   0.956
5107.742  5108.386     31.6   2.04   0.205
5108.284  5108.928     25.4   3.91   0.983
5108.993  5109.637     92.3   6.89   1.302  5109.650 FE1  26.0
5109.762  5110.406    206.4   6.93   2.857  5110.413 	Fe__1
5110.095  5110.739     55.0   2.38   0.653
5110.685  5111.329     21.6   1.12   0.352
5111.010  5111.655     19.5   1.69   0.450
5111.631  5112.275     23.0   1.90   0.444
5111.855  5112.499     21.6   1.20   0.305
5112.504  5113.148     60.8   2.69   0.840
5112.792  5113.436     70.1   3.14   0.998
5113.612  5114.257     10.6   0.64   0.251
5113.908  5114.553     52.0   1.34   0.259
5114.749  5115.393     84.5   2.04   0.985
5115.133  5115.778     43.2   0.79   0.208  5115.770 FE1  26.0
5115.868  5116.513     14.2   1.60   0.491
5116.095  5116.740     22.6   1.34   0.527
5117.295  5117.940     41.6   1.95   0.491
5117.539  5118.184      7.3   1.10   0.425
5118.152  5118.797      6.9   2.02   0.337
5118.478  5119.123     35.2   1.26   0.441
5119.752  5120.398     83.3   1.46   0.339
5120.253  5120.898     12.3   0.64   0.134
5120.756  5121.401     11.2   2.07   0.505
5120.967  5121.612    118.0   2.53   0.791
5121.468  5122.114     46.6   1.28   0.552
5122.337  5122.982     45.0   5.37   1.003
5122.602  5123.248     91.4  13.05   2.459
5123.078  5123.724    180.4  13.46   2.542  5123.720 	Fe__1
5123.363  5124.009     38.2   2.71   0.813
5123.975  5124.621     35.6   1.10   0.252
5124.513  5125.159    169.9   3.89   0.765
5125.147  5125.793     26.5   4.57   0.968
5125.534  5126.181     98.1   3.54   0.965
5126.282  5126.928     10.0   0.86   0.267
5126.722  5127.368    157.6   5.27   2.570
5127.038  5127.684     91.0   4.22   1.139
5127.429  5128.076     31.3   2.26   0.475
5127.849  5128.496     16.8   1.11   0.270
5128.516  5129.163    108.3   2.80   0.897  5129.156 	Ti__2
5128.722  5129.369     87.8   2.70   0.637
5128.973  5129.620     83.8   2.82   0.565
5129.700  5130.346     46.5   1.92   0.489
5129.918  5130.564     38.9   2.92   0.748
5130.822  5131.469    129.9   5.80   1.621  5131.460 FE1  26.0
5131.103  5131.749     66.8   3.08   0.781
5131.694  5132.341     18.5   2.17   0.791
5132.012  5132.659     26.7   1.66   0.612  5132.669 	Fe__2
5133.040  5133.687    152.4   7.08   1.569  5133.689 	Fe__1
5133.918  5134.566     24.9   1.32   0.303
5134.480  5135.127      9.9   4.76   0.837
5135.459  5136.106     36.5   3.99   0.857
5136.167  5136.814     21.6   1.59   0.490  5136.800 FE2  26.1
5136.451  5137.099    162.1   7.44   3.655
5136.729  5137.376    119.6   8.21   2.085  5137.382 	Fe__1
5137.737  5138.385     13.3   1.49   0.231
5138.058  5138.706     24.8   1.70   0.445
5138.735  5139.382    361.2   5.95   2.906
5139.026  5139.674     42.9   5.52   2.624
5140.173  5140.821     19.3   4.88   1.265
5140.582  5141.230     11.2   3.20   0.589
5141.092  5141.740    117.7   5.59   1.806  5141.750 FE1  26.0
5141.879  5142.527    143.7   9.37   1.522  5142.541 	Fe__1
5142.200  5142.848    273.7   7.27   3.435
5143.072  5143.721     61.0   2.60   0.782  5143.730 FE1  26.0
5144.006  5144.654     41.2   2.52   0.594
5144.463  5145.111     99.7   7.27   2.200
5144.790  5145.439     84.7   7.59   2.701
5145.525  5146.174     62.5   6.94   2.265
5145.821  5146.470    104.6   4.73   1.693
5146.116  5146.764     27.7   0.96   0.326
5146.405  5147.053      8.1   1.34   0.272
5146.841  5147.490    102.2   6.10   1.868
5147.495  5148.144    189.6  14.55   6.141
5148.090  5148.739     28.7   3.38   1.375
5148.479  5149.128     16.5   1.71   0.430
5149.156  5149.805     27.4   1.84   0.617
5149.518  5150.167     48.1   1.80   0.385
5149.954  5150.604     11.0   2.98   0.492
5150.205  5150.854    172.4   4.80   2.646  5150.840 	Fe__1
5151.269  5151.919    172.5   6.76   2.551  5151.910 FE1  26.0
5151.516  5152.166    109.9   6.36   2.104
5152.633  5153.283    104.1  14.69   3.878
5153.423  5154.072    107.1   3.13   1.146  5154.068 	Ti__2
5153.732  5154.382     42.9   2.08   0.707
5154.469  5155.119     60.3   3.31   0.996
5155.109  5155.759     84.6   2.55   0.881
5155.374  5156.024     11.4   2.02   0.519
5155.773  5156.423     11.7   1.76   0.529
5155.993  5156.643     47.4   2.02   0.753
5156.381  5157.031      9.3   1.37   0.314
5157.031  5157.681     16.1   2.49   0.400
5157.336  5157.986     24.4   3.75   0.926
5157.914  5158.565     11.6   2.16   0.296
5158.407  5159.058     82.1   3.33   1.115  5159.050 FE1  26.0
5158.869  5159.519     12.6   0.82   0.342
5159.118  5159.768     13.9   0.87   0.251
5159.546  5160.197     14.8   1.23   0.413
5160.503  5161.154     17.8   1.56   0.573
5161.108  5161.758     33.2   1.84   0.331
5161.636  5162.287    146.6   5.33   1.552  5162.273 	Fe__1
5162.108  5162.759     24.2   5.77   1.177
5162.432  5163.083     22.2   3.16   0.752
5162.948  5163.599     21.1   1.25   0.225
5163.530  5164.181     17.3   3.23   0.680
5163.937  5164.588     85.8  10.98   2.637
5164.446  5165.097     81.3  12.40   2.947
5164.764  5165.415    119.1   6.06   1.306
5165.356  5166.008     20.8   2.63   0.778
5165.626  5166.277    191.2   6.35   2.473  5166.280 FE1  26.0
5166.273  5166.925     76.6  13.27   3.204
5166.756  5167.408    411.8   0.00   5.148
5167.513  5168.165     54.5   8.52   1.561
5168.004  5168.655    116.6   3.97   0.761
5168.317  5168.968    293.5   5.29   2.411
5168.614  5169.266     57.0   4.76   1.511
5170.105  5170.756     46.1   4.50   0.874
5170.356  5171.008     28.8   2.07   0.560
5170.966  5171.617    221.4  11.98   2.566  5171.610 FE1  26.0
5171.428  5172.080     90.7  19.53   4.315
5172.009  5172.661    411.8   0.00   5.427  5172.684 	Mg__1
5172.605  5173.257    102.0  20.74   4.259
5173.093  5173.745    165.3  13.79   1.972
5173.725  5174.377     18.9   1.90   0.489
5174.276  5174.929      6.1   1.60   0.418
5174.715  5175.367      8.3   1.76   0.475
5175.074  5175.726     21.4   1.91   0.327
5175.426  5176.079     60.3   2.01   0.729
5175.915  5176.567     68.5   4.09   0.983
5176.644  5177.296     78.0   6.48   2.353
5178.155  5178.808     41.4   0.57   0.137
5178.430  5179.083     30.0   1.11   0.141
5179.131  5179.784     22.0   0.77   0.278
5179.399  5180.052     69.8   1.11   0.462
5179.860  5180.513     15.7   2.65   1.003
5180.640  5181.293     39.6   5.96   1.245
5181.312  5181.965     31.3   7.61   1.550
5182.005  5182.658     72.7  10.69   2.691
5182.252  5182.905     89.9  13.87   3.275
5182.759  5183.412    424.2   0.00   5.099
5183.238  5183.892    411.8   0.00   5.375
5183.823  5184.477     95.2  27.78   3.014
5183.957  5184.610     70.7  26.75   1.516
5184.167  5184.821     25.7   6.36   0.527
5184.366  5185.019     21.6   6.01   0.493
5185.246  5185.899     94.0   2.21   1.007  5185.902 	Ti__2
5185.675  5186.329     28.3   1.59   0.268
5185.889  5186.543     26.3   1.58   0.397
5186.812  5187.466     21.9   2.33   0.637
5187.250  5187.904     82.8   1.45   0.487  5187.920 FE1  26.0
5188.111  5188.765    222.7   5.09   1.728
5190.826  5191.481    202.9   8.26   1.969  5191.455 	Fe__1
5191.364  5192.019     62.2   5.61   1.260
5191.729  5192.384    236.3  12.85   3.227  5192.344 	Fe__1
5192.303  5192.957    151.1  11.42   2.495
5192.820  5193.474     20.4   2.21   0.355
5193.364  5194.019     39.5   2.55   0.545
5194.290  5194.944    173.8   6.17   2.329  5194.942 	Fe__1
5194.811  5195.466    119.3   4.85   1.415  5195.472 	Fe__1
5195.408  5196.063     93.0   6.72   1.368  5196.060 FE1  26.0
5195.853  5196.508    107.5   7.62   1.681
5196.518  5197.173     41.7   3.78   0.789
5196.922  5197.577     91.6   3.95   0.893  5197.577 	Fe__2
5197.267  5197.922     52.1   4.20   1.349  5197.930 FE1  26.0
5198.065  5198.721    142.4   4.01   1.902  5198.720 FE1  26.0
5198.961  5199.617      7.7   1.85   0.298
5199.503  5200.158     48.1   2.34   0.591
5199.757  5200.413     75.9   2.48   0.718  5200.406 	Y___2
5200.429  5201.084     36.9   1.71   0.486
5201.408  5202.064     16.2   2.20   0.596
5201.665  5202.321    190.5   4.36   1.841  5202.336 	Fe__1
5203.888  5204.544    257.9   9.48   2.973  5204.511 	Cr__1
5204.641  5205.297     10.1   1.17   0.289
5205.091  5205.747    104.6   3.95   1.282  5205.724 	Y___2
5205.415  5206.072    269.9   7.94   2.466  5206.037 	Cr__1
5205.891  5206.548     30.4   3.08   0.370
5206.116  5206.772      7.8   1.25   0.312  5206.800 FE1  26.0
5207.295  5207.951     89.3  13.31   3.149
5207.810  5208.467    336.5   8.46   2.806
5208.091  5208.747     43.1   3.42   1.311
5208.271  5208.928     24.5   3.31   0.602
5209.207  5209.864     40.8   3.13   0.725
5209.722  5210.379    157.2   5.10   2.018
5210.188  5210.845     28.0   2.52   0.864
5210.547  5211.204     20.3   2.65   0.622
5210.878  5211.535     49.5   2.69   0.780  5211.530 	Ti__2
5211.645  5212.302     60.5   3.33   1.271
5212.031  5212.688     45.0   1.26   0.205
5212.677  5213.334     17.5   1.70   0.345  5213.340 FE1  26.0
5213.141  5213.798     11.9   2.35   0.562  5213.800 FE1  26.0
5213.476  5214.134     24.6   2.86   0.757
5213.970  5214.627     42.1   1.88   0.420
5214.537  5215.194    148.7   4.98   1.490  5215.181 	Fe__1
5214.885  5215.543     31.4   4.09   1.158
5215.642  5216.299    201.0  11.20   3.069  5216.280 FE1  26.0
5216.735  5217.393    124.2   3.86   1.861  5217.389 	Fe__1
5217.259  5217.917     73.0   1.81   0.655
5217.541  5218.199     72.4   1.05   0.456
5218.381  5219.039      9.7   2.48   0.582
5219.042  5219.700     93.1   3.88   1.542
5219.581  5220.239     57.6   8.20   2.400
5220.334  5220.993     43.3   3.40   1.256
5221.091  5221.749     49.8   2.35   0.646
5221.749  5222.407     61.9   2.18   0.547
5222.009  5222.668     52.5   1.74   0.674
5222.527  5223.186     52.0   2.99   0.824  5223.190 FE1  26.0
5222.947  5223.605     46.1   1.65   0.567
5223.631  5224.290     89.7   6.78   1.549
5223.885  5224.544     63.7   3.35   0.605
5224.307  5224.966    122.1   3.99   0.690
5224.873  5225.532    145.1   4.88   2.717  5225.530 FE1  26.0
5225.156  5225.815     40.6   2.32   0.424
5225.428  5226.086     31.0   2.83   0.756
5225.821  5226.480     75.4  27.32   1.831
5225.933  5226.592    128.4  26.41   3.310
5226.388  5227.046    429.5   1.29   4.207
5227.052  5227.712     23.2   3.64   0.752
5227.430  5228.089     37.2   1.03   0.168
5227.721  5228.380     87.4   1.97   0.613  5228.370 FE1  26.0
5229.216  5229.875    151.5   8.91   3.388  5229.845 	Fe__1
5229.539  5230.198     83.0   8.04   2.077
5230.020  5230.680     13.5   0.97   0.262
5230.773  5231.433     27.8   1.89   0.447
5232.024  5232.684     44.1   7.30   1.999
5232.294  5232.953    244.2   8.78   2.142  5232.940 	Fe__1
5233.134  5233.794     16.4   2.38   0.356
5233.505  5234.165     43.9   4.84   1.138
5233.969  5234.629     94.4   2.99   0.695  5234.630 FE2  26.1
5234.524  5235.184     82.0   2.01   0.463
5234.758  5235.418    127.6   2.02   0.715
5235.556  5236.216     57.7   4.31   0.987  5236.200 FE1  26.0
5236.653  5237.313     62.8   1.44   0.329  5237.329 	Cr__2
5237.917  5238.577     67.0   3.73   0.874
5238.295  5238.956     39.7   2.92   0.770
5239.174  5239.834     96.0   2.73   0.767  5239.813 	Sc__2
5239.759  5240.419     30.4   1.86   0.595
5240.214  5240.874     14.1   1.94   0.455
5240.795  5241.456      8.8   2.13   0.371
5241.340  5242.001     18.7   2.03   0.877
5241.832  5242.493    111.1   3.55   1.701  5242.490 FE1  26.0
5242.700  5243.361     45.6   4.60   0.662
5243.112  5243.773     82.8   4.30   1.188  5243.780 FE1  26.0
5243.852  5244.513      5.1   2.11   0.373
5245.022  5245.683     26.9   1.29   0.609
5245.388  5246.049     13.2   1.00   0.406
5245.922  5246.584     47.4   4.93   1.282
5246.399  5247.060    143.2  11.41   2.777  5247.060 FE1  26.0
5246.930  5247.591    148.0  11.21   3.141
5247.236  5247.897     81.0   7.75   2.273
5247.719  5248.381     12.4   2.85   0.609
5248.409  5249.071     66.0   2.83   1.101
5248.914  5249.575     59.0   4.20   0.964
5249.557  5250.219    152.7  11.97   2.989  5250.220 FE1  26.0
5249.990  5250.652    155.6   9.54   1.905  5250.640 FE1  26.0
5250.227  5250.889     43.5   2.14   0.689
5250.836  5251.498     19.9   1.05   0.252
5251.379  5252.041    144.8   4.37   1.638  5252.019 	Ti__2
5252.362  5253.024     56.0   1.77   0.625  5253.030 FE1  26.0
5252.803  5253.465    103.5   2.59   0.880  5253.460 FE1  26.0
5253.267  5253.930     11.6   1.63   0.370
5254.255  5254.918    106.6  15.17   2.223  5254.929 	Fe__2
5254.350  5255.012    181.4  13.87   2.778
5254.667  5255.329    100.8  13.01   2.698
5255.050  5255.712    102.9  11.99   2.934
5256.276  5256.938     32.3   0.88   0.187  5256.940 FE2  26.1
5256.973  5257.636     54.2   1.16   0.372
5258.143  5258.806     14.9   0.46   0.130
5258.780  5259.443     22.2   1.05   0.235
5259.056  5259.719     19.3   0.59   0.251
5259.315  5259.978     16.6   0.85   0.285
5259.721  5260.384     57.3   1.69   0.589
5260.034  5260.697     19.1   1.47   0.427
5261.034  5261.697    127.2   3.57   1.469  5261.704 	Ca__1
5261.543  5262.206    164.4   3.12   1.172  5262.241 	Ca__1
5261.953  5262.616     21.0   1.04   0.190
5262.222  5262.885     47.5   2.05   0.442  5262.880 FE1  26.0
5262.666  5263.330    161.8   8.07   2.042  5263.306 	Fe__1
5263.184  5263.847     96.1   5.13   1.070
5263.528  5264.191    201.3   7.00   1.980
5264.143  5264.807     57.0   1.14   0.283  5264.810 FE2  26.1
5264.525  5265.189     72.3   4.70   1.046
5264.964  5265.628    273.1   7.73   2.314
5265.294  5265.958    106.4   7.53   1.433
5265.871  5266.535    241.3  13.72   2.888  5266.555 	Fe__1
5266.597  5267.261     47.6   3.07   0.718  5267.270 FE1  26.0
5266.975  5267.639      5.2   0.83   0.318
5267.694  5268.358     68.1   3.47   1.138
5267.922  5268.587     75.8   5.64   1.330  5268.608 	Ti__2
5268.496  5269.161     73.6  13.69   3.162
5268.902  5269.567    416.4   3.57   5.055  5269.550 FE1  26.0
5269.650  5270.314    291.1  12.36   3.325
5269.946  5270.610     38.8   5.62   1.781
5270.388  5271.053     50.3   1.88   0.397
5270.613  5271.278     35.1   0.87   0.247
5270.927  5271.591     11.6   0.95   0.281
5271.333  5271.997     47.1   1.42   0.550
5271.609  5272.273     35.0   1.91   0.539
5272.389  5273.054     28.6   7.92   1.560
5272.613  5273.278    274.8  17.76   5.082
5272.836  5273.500     33.0  17.55   1.336
5273.574  5274.239     34.3   1.32   0.388
5273.848  5274.513     22.1   0.85   0.307
5274.339  5275.004     85.1   3.28   1.275  5274.964 	Cr__2
5274.569  5275.234    134.5   4.10   1.020
5275.108  5275.773    111.4   5.21   1.996
5275.383  5276.048    175.3   6.21   1.503
5276.198  5276.864     13.0   2.17   0.532
5276.656  5277.322     13.0   2.00   0.474
5277.341  5278.006     10.8   0.85   0.296
5277.540  5278.206     10.1   0.85   0.306
5278.113  5278.778     15.9   0.58   0.195
5279.197  5279.863     27.1   2.49   0.426
5279.388  5280.054     25.0   2.48   0.412
5279.671  5280.337    100.6   1.58   0.474
5279.956  5280.622     44.3   1.31   0.327
5280.632  5281.298     22.4   2.44   0.621
5281.112  5281.778    175.0   5.25   1.333  5281.790 	Fe__1
5281.724  5282.389     61.6   1.28   0.396
5282.913  5283.579    229.4  12.23   3.492
5283.447  5284.113     82.2   7.55   1.641  5284.110 FE2  26.1
5283.744  5284.411     83.0  11.42   2.285
5284.462  5285.128     45.4   1.29   0.373  5285.120 FE1  26.0
5284.977  5285.643      7.9   0.84   0.144
5286.507  5287.173     21.7   1.86   0.401
5287.081  5287.748     11.3   1.71   0.386
5287.855  5288.521     89.1   2.42   0.966  5288.520 FE1  26.0
5288.109  5288.776     10.9   1.18   0.152
5288.608  5289.275     16.0   1.30   0.326
5289.144  5289.811     12.4   2.23   0.436
5290.151  5290.818     23.4   1.81   0.485
5291.920  5292.587     50.7   1.56   0.599
5292.462  5293.129     62.6   5.21   1.112
5293.294  5293.961     52.6   1.58   0.508  5293.950 FE1  26.0
5293.878  5294.546     33.9   1.59   0.498  5294.550 FE1  26.0
5294.642  5295.310     50.7   1.50   0.575  5295.320 FE1  26.0
5295.113  5295.781     58.5   2.03   0.831
5295.407  5296.074      5.6   1.01   0.201
5296.030  5296.697    144.1   4.01   2.121
5296.665  5297.333    150.4   6.95   2.422
5297.380  5298.048    125.6   4.05   2.055
5297.693  5298.361    279.7  13.32   5.156
5298.060  5298.728     97.3  12.51   4.509
5299.326  5299.994     39.7   0.99   0.280
5299.724  5300.392      8.1   0.97   0.383  5300.400 FE1  26.0
5300.089  5300.757    116.0   2.91   1.368
5300.372  5301.041     78.0   2.12   0.610
5300.650  5301.318      5.6   0.71   0.309
5301.294  5301.962     37.9   5.03   1.583
5301.633  5302.302    149.0   6.34   1.412  5302.302 	Fe__1
5302.553  5303.221     14.0   1.10   0.295
5302.859  5303.528     23.7   0.75   0.212
5303.220  5303.888      5.8   0.99   0.306
5303.507  5304.176     30.1   1.60   0.660
5305.196  5305.865     32.8   0.50   0.107  5305.853 	Cr__2
5305.771  5306.440      5.5   0.52   0.178
5306.687  5307.356    139.5   3.60   1.702  5307.370 FE1  26.0
5307.763  5308.432     37.1   0.89   0.290  5308.408 	Cr__2
5307.999  5308.668     14.8   0.68   0.105  5308.670 FE1  26.0
5310.014  5310.684     16.4   0.93   0.282
5310.797  5311.466     21.2   2.02   0.440
5312.169  5312.839     37.8   2.78   0.593
5312.574  5313.244     17.0   0.97   0.302
5312.914  5313.584     43.6   1.69   0.468  5313.563 	Cr__2
5314.245  5314.915     14.4   1.64   0.347
5314.397  5315.067     56.3   1.73   0.345  5315.070 FE1  26.0
5315.117  5315.787     13.6   1.38   0.524
5316.013  5316.684    195.5   9.09   2.716
5316.868  5317.538     23.5   1.12   0.214
5317.681  5318.351     38.0   0.80   0.231
5318.103  5318.774     28.5   1.73   0.295
5318.549  5319.219     20.5   3.26   0.796
5319.141  5319.812     59.7   1.51   0.524
5319.365  5320.035     48.2   1.48   0.412  5320.040 FE1  26.0
5320.122  5320.793      9.9   0.57   0.133
5320.437  5321.108     65.1   0.68   0.305  5321.110 FE1  26.0
5321.091  5321.762     11.1   1.14   0.268
5321.374  5322.045    107.8   2.80   1.537  5322.050 FE1  26.0
5322.102  5322.773     19.1   0.64   0.242
5323.256  5323.927     53.9   5.73   1.585
5323.515  5324.186    222.6   8.52   1.984  5324.190 FE1  26.0
5324.275  5324.946      7.2   1.53   0.339
5324.604  5325.276     23.8   0.76   0.290
5324.887  5325.558     57.3   0.72   0.082  5325.560 FE2  26.1
5325.472  5326.144     70.9   1.80   0.264  5326.140 FE1  26.0
5325.656  5326.327      7.8   1.61   0.142
5326.143  5326.815     27.6   0.68   0.197  5326.820 FE1  26.0
5326.618  5327.290     24.9   4.46   0.848
5327.556  5328.227    428.4   0.00   4.095
5328.062  5328.734     40.4   5.54   2.679
5328.471  5329.143    105.9   3.28   0.899
5329.116  5329.788     67.1   1.24   0.299
5329.306  5329.977     88.6   1.28   0.316
5329.878  5330.550     21.5   0.54   0.121
5330.785  5331.457     77.8   1.05   0.342
5331.986  5332.658     74.4   2.69   0.617
5332.230  5332.902    150.2   3.86   1.795
5332.545  5333.217     21.8   2.33   0.722
5333.026  5333.699     24.3   1.61   0.670
5333.563  5334.235     16.5   1.00   0.368
5334.194  5334.866     48.3   1.26   0.328  5334.869 	Cr__2
5335.514  5336.186     10.1   1.07   0.382
5336.112  5336.785    105.6   3.87   1.050  5336.786 	Ti__2
5337.071  5337.744     49.3   0.73   0.082  5337.732 	Fe__2
5337.642  5338.315     32.2   0.95   0.330
5338.773  5339.446     22.0   1.73   0.539
5339.034  5339.708     11.1   2.09   0.485
5339.267  5339.940    158.1   7.48   1.846  5339.940 FE1  26.0
5339.773  5340.446     35.5   4.49   0.499
5340.374  5341.047    251.6   9.54   2.485  5341.024 	Fe__1
5342.028  5342.701     51.6   1.35   0.642
5342.748  5343.422     94.5   1.70   0.734
5343.808  5344.482     10.5   0.81   0.355
5344.075  5344.749     15.9   0.93   0.182
5345.130  5345.804    171.5   5.07   2.164  5345.796 	Cr__1
5345.390  5346.064     28.3   2.38   0.507
5345.882  5346.556     37.2   0.66   0.193
5346.126  5346.800      8.9   0.57   0.156
5346.823  5347.497      8.4   1.23   0.330
5347.053  5347.727     14.3   1.23   0.578
5347.650  5348.324    151.7   5.06   2.047
5348.072  5348.747      7.8   0.79   0.148
5348.439  5349.113     10.7   1.53   0.440
5348.799  5349.473    129.6   4.20   1.782  5349.465 	Ca__1
5349.072  5349.747     85.3   4.65   1.159
5349.373  5350.048     23.6   2.59   0.812
5349.673  5350.347     17.6   1.10   0.358
5350.386  5351.060     25.9   0.67   0.145
5351.363  5352.038     51.7   0.54   0.077
5352.748  5353.423    151.9   3.99   1.335
5355.012  5355.687      5.2   0.87   0.183
5356.280  5356.955      9.7   0.84   0.215
5356.510  5357.185     14.0   0.60   0.158
5357.436  5358.111     27.2   1.24   0.249  5358.100 FE1  26.0
5358.519  5359.194     16.6   0.81   0.248
5360.899  5361.575     95.1   8.97   2.649
5362.144  5362.820    134.5   3.74   1.018  5362.860 FE2  26.1
5363.778  5364.455      9.5   1.08   0.246
5364.198  5364.874    130.4   3.35   1.157  5364.871 	Fe__1
5364.728  5365.404    106.1   2.58   1.214  5365.390 FE1  26.0
5365.744  5366.421      9.7   0.88   0.354
5365.972  5366.648     26.9   0.92   0.222
5366.794  5367.470    135.9   3.07   1.403  5367.470 FE1  26.0
5367.033  5367.710      7.9   1.78   0.365
5367.802  5368.478     18.4   2.12   0.606
5368.213  5368.890      7.0   0.81   0.284
5368.706  5369.383     10.8   4.10   0.318
5368.932  5369.608    108.3   4.87   1.530
5369.278  5369.955    158.5   7.31   2.068  5369.962 	Fe__1
5369.620  5370.296     28.4   2.81   0.799
5370.010  5370.687     10.0   2.06   0.422
5370.796  5371.473    316.4   9.70   3.141  5371.490 	Fe__1
5371.075  5371.752     48.1   4.89   1.547
5371.270  5371.947     30.1   4.73   0.550
5373.033  5373.710     79.9   1.69   0.565  5373.700 FE1  26.0
5375.910  5376.588     10.1   0.88   0.234
5376.162  5376.839     32.3   2.77   0.506  5376.840 FE1  26.0
5376.943  5377.621     76.9   2.62   0.741
5377.540  5378.218      8.9   0.84   0.147
5378.897  5379.575     88.1   2.38   0.982  5379.580 FE1  26.0
5379.656  5380.335      6.4   1.09   0.200  5380.337 	C___1
5380.055  5380.734     10.9   1.16   0.427
5380.356  5381.035    105.9   3.24   0.772  5381.021 	Ti__2
5381.096  5381.774     10.1   0.92   0.233
5381.597  5382.275     28.8   1.48   0.430
5382.472  5383.150     11.3   3.35   0.472
5382.695  5383.374    154.7   4.28   1.427  5383.369 	Fe__1
5383.950  5384.628     11.7   0.64   0.142
5384.474  5385.152     10.6   1.19   0.379
5384.899  5385.578     10.6   1.38   0.364  5385.570 FE1  26.0
5385.222  5385.900      9.8   1.20   0.303
5385.654  5386.333     53.0   1.43   0.452  5386.340 FE1  26.0
5386.282  5386.961     46.1   1.38   0.290
5386.837  5387.516     54.6   0.94   0.207
5387.678  5388.357     49.6   2.12   0.636
5388.505  5389.184     28.7   2.14   0.734
5388.808  5389.487    102.5   4.22   1.153  5389.490 FE1  26.0
5389.278  5389.957     37.3   3.33   0.944
5389.807  5390.487     54.1   3.69   1.264
5390.740  5391.420     88.5  16.24   1.544
5390.889  5391.568    106.2  16.29   1.835
5391.356  5392.036     12.5   0.74   0.249
5391.643  5392.323     22.4   0.71   0.231
5392.500  5393.179    160.0   8.03   1.913  5393.180 FE1  26.0
5393.179  5393.859      5.5   1.08   0.363
5393.994  5394.674    176.4   4.18   2.138
5394.544  5395.224     41.2   1.74   0.381  5395.220 FE1  26.0
5395.571  5396.251     36.8   1.43   0.357  5396.226 	Ti__2
5395.932  5396.612     62.7   7.32   1.154
5396.436  5397.116    266.3  10.29   2.967  5397.128 	Fe__1
5396.693  5397.374     39.0   3.30   0.857
5396.930  5397.611     59.8   1.38   0.372  5397.610 FE1  26.0
5397.599  5398.279     91.6   2.12   0.997  5398.290 FE1  26.0
5398.795  5399.476     64.8   1.12   0.347
5399.857  5400.538    172.4   5.33   1.392  5400.502 	Fe__1
5400.602  5401.283     48.5   1.46   0.438  5401.270 FE1  26.0
5401.340  5402.021     29.0   2.32   0.681
5402.083  5402.764     33.9   0.82   0.148
5403.157  5403.838    100.6   3.31   1.150
5403.451  5404.132    180.2   5.82   1.582  5404.117 	Fe__1
5403.907  5404.589     33.5   3.34   0.805
5404.344  5405.025     32.2   2.13   0.612
5404.689  5405.371     77.1   7.01   1.715
5405.105  5405.787    276.1  12.33   3.000  5405.780 FE1  26.0
5405.622  5406.303     33.8   5.13   1.037
5406.092  5406.774     55.5   1.62   0.587  5406.780 FE1  26.0
5406.754  5407.436    169.7   7.73   1.865
5408.458  5409.140     86.8   4.23   0.747
5409.083  5409.765    209.9   9.06   2.556  5409.784 	Cr__1
5409.776  5410.458     11.4   1.23   0.249
5410.230  5410.912    129.2   3.16   1.329  5410.910 	Fe__1
5410.538  5411.220     52.3   2.14   0.442
5412.097  5412.779     36.2   1.09   0.363  5412.790 FE1  26.0
5412.405  5413.087     19.4   0.83   0.251
5412.988  5413.671     43.6   1.01   0.319
5413.384  5414.066     36.9   1.10   0.301  5414.073 	Fe__2
5414.522  5415.205    156.9   5.90   1.312  5415.199 	Fe__1
5416.358  5417.040     53.4   1.56   0.481  5417.040 FE1  26.0
5417.422  5418.105     19.4   1.29   0.422
5418.089  5418.772     82.4   1.68   0.692  5418.767 	Ti__2
5418.456  5419.139      7.0   0.94   0.281
5419.665  5420.348    170.3   2.31   0.680
5420.252  5420.935     28.2   0.93   0.320
5420.491  5421.175     51.7   2.08   0.455
5420.825  5421.509     14.7   2.91   0.903
5421.162  5421.846     20.7   1.39   0.309  5421.850 FE1  26.0
5421.470  5422.154     20.9   0.85   0.221  5422.150 FE1  26.0
5421.767  5422.451      8.3   0.82   0.193
5422.825  5423.508     14.3   2.10   0.777
5423.083  5423.767     28.7   2.63   0.746
5423.391  5424.074    172.7   5.87   1.701  5424.068 	Fe__1
5423.944  5424.628    101.0   3.82   0.702
5424.565  5425.249     50.5   1.30   0.234  5425.257 	Fe__2
5425.564  5426.248     54.3   2.34   0.845
5428.086  5428.770     12.1   1.37   0.466
5428.493  5429.177     41.5   7.03   1.752
5428.981  5429.665    382.5  10.26   3.661  5429.697 	Fe__1
5429.665  5430.350     21.8   2.15   0.430
5430.814  5431.499     10.9   1.14   0.257
5431.876  5432.561    166.1  10.50   2.999
5432.248  5432.933     94.0   9.55   2.422  5432.967 	Fe__2
5432.950  5433.635      7.8   0.78   0.169
5433.598  5434.283     23.9   3.64   0.809
5433.850  5434.535    227.9   7.53   2.542  5434.530 FE1  26.0
5434.473  5435.158     25.4   2.74   0.736
5435.174  5435.859     92.7   4.71   1.337
5435.622  5436.308     67.6   4.33   1.178  5436.300 FE1  26.0
5435.921  5436.606    102.3   5.54   0.964
5436.448  5437.134     64.6   5.32   1.448
5437.596  5438.282     10.0   0.93   0.282
5439.899  5440.585      5.5   1.06   0.187
5440.653  5441.339     50.9   2.16   0.623  5441.330 FE1  26.0
5441.679  5442.366     23.0   1.89   0.593
5442.846  5443.532      6.9   1.69   0.512
5443.905  5444.592     28.2   1.72   0.300
5444.355  5445.041    126.6   4.13   1.447  5445.042 	Fe__1
5445.863  5446.550     81.9  17.51   1.124
5445.946  5446.633    104.8  17.12   1.078
5446.238  5446.925    262.0   9.13   2.820  5446.917 	Fe__1
5446.814  5447.501     12.5   3.10   0.507
5447.688  5448.375     32.6   0.65   0.169
5448.186  5448.872      5.2   0.77   0.333
5448.477  5449.164     22.7   0.76   0.147
5450.130  5450.818     20.0   1.22   0.364
5450.427  5451.114     23.9   1.09   0.172
5451.398  5452.085     32.8   1.55   0.304  5452.090 FE1  26.0
5452.153  5452.841     28.0   1.18   0.202
5452.535  5453.222     19.0   0.85   0.171
5452.957  5453.645     26.8   1.65   0.276
5453.341  5454.029     33.3   2.74   0.868
5453.887  5454.575     23.0   0.48   0.168
5454.634  5455.322     31.6   3.41   1.279
5454.892  5455.580    314.1   8.33   2.466  5455.609 	Fe__1
5455.826  5456.513     25.2   1.45   0.397
5456.774  5457.462     38.1   1.01   0.218
5459.804  5460.492     69.1   1.49   0.598
5460.185  5460.873     20.9   1.80   0.578  5460.870 FE1  26.0
5460.859  5461.547     42.1   0.95   0.275  5461.550 FE1  26.0
5461.815  5462.503     59.4   2.01   0.499
5462.285  5462.974    113.9   4.11   1.515  5462.960 	Fe__1
5462.582  5463.271    120.3   3.89   1.270  5463.270 FE1  26.0
5463.243  5463.932     26.6   1.65   0.605
5463.589  5464.277     64.2   1.79   0.488  5464.290 FE1  26.0
5465.108  5465.797      6.0   1.12   0.337
5465.711  5466.400     96.9   1.69   0.879  5466.390 FE1  26.0
5466.291  5466.980     65.6   1.46   0.539
5467.082  5467.772     10.5   1.36   0.401
5467.427  5468.116     21.9   1.00   0.344
5467.685  5468.374     15.1   0.44   0.154
5468.608  5469.297     29.5   1.13   0.363
5469.406  5470.096     42.4   1.45   0.379  5470.090 FE1  26.0
5469.931  5470.621    147.2   3.88   0.858
5470.509  5471.198     44.2   1.29   0.535
5471.586  5472.275     14.4   0.85   0.365
5472.010  5472.700     72.4   1.09   0.381  5472.700 FE1  26.0
5472.472  5473.162     44.4   1.39   0.434
5472.745  5473.435     31.3   2.95   0.778
5473.208  5473.898    104.4   3.44   1.151  5473.900 FE1  26.0
5473.529  5474.219     52.3   2.53   0.327
5474.063  5474.753      8.0   1.20   0.240
5474.749  5475.440      7.5   1.05   0.360
5475.593  5476.284    119.4   4.11   1.297
5475.891  5476.581    156.5   8.09   2.072  5476.564 	Fe__1
5476.198  5476.888    241.6  10.15   3.071  5476.900 	Ni__1
5477.016  5477.706     66.5   3.34   0.676
5477.737  5478.428     73.5   1.29   0.465
5479.834  5480.524     23.9   2.04   0.577
5480.157  5480.848    111.9  10.69   2.065
5480.654  5481.345    201.3  16.00   2.739
5481.181  5481.872     65.3   7.75   1.385
5481.569  5482.260     11.3   1.60   0.218
5482.418  5483.109     75.9   1.97   0.795  5483.090 FE1  26.0
5482.657  5483.348    126.2   2.24   0.810
5483.253  5483.944     19.5   1.14   0.311
5483.925  5484.616      6.5   1.06   0.247
5484.994  5485.686     19.8   0.82   0.242
5486.458  5487.149     65.9   6.90   1.127
5487.042  5487.734    130.0  14.52   2.082
5487.466  5488.158     52.5   6.06   1.240
5488.280  5488.972     27.8   0.85   0.198
5489.142  5489.834     31.8   2.73   0.743
5489.455  5490.147     70.6   1.43   0.555
5490.046  5490.738     71.6   5.08   1.813
5491.132  5491.825     25.9   0.64   0.185  5491.840 FE1  26.0
5492.191  5492.883     32.1   1.56   0.367  5492.882 	Ti__2
5492.543  5493.235     31.3   1.87   0.502
5492.813  5493.505     72.0   4.29   1.341
5493.151  5493.843     53.7   6.06   1.396
5493.771  5494.464     54.2   1.82   0.370  5494.470 FE1  26.0
5494.181  5494.873     35.2   1.66   0.439
5494.971  5495.664      6.2   0.78   0.249
5495.857  5496.550     20.0   0.66   0.210  5496.560 FE1  26.0
5496.553  5497.246     11.5   2.92   0.735
5496.814  5497.507    201.1   4.96   2.239  5497.516 	Fe__1
5497.203  5497.896     12.3   1.27   0.343
5498.853  5499.547      7.1   1.54   0.438
5500.780  5501.474    181.3   6.70   2.655  5501.465 	Fe__1
5501.386  5502.080     26.7   1.86   0.385
5502.364  5503.058     94.2   5.99   1.405
5502.802  5503.496     10.5   1.78   0.312
5503.225  5503.919     44.1   4.68   1.043
5503.681  5504.375     26.2   2.55   0.320
5505.176  5505.870    103.9   2.47   0.612
5505.800  5506.494     34.3   2.44   0.556
5506.091  5506.785    187.0   4.94   2.136  5506.779 	Fe__1
5507.052  5507.746      7.6   1.26   0.261
5507.719  5508.414     25.7   1.07   0.401
5507.929  5508.624     21.3   1.07   0.193
5508.933  5509.628     19.2   3.21   0.907
5509.261  5509.955     99.7   4.26   1.306
5509.981  5510.675     33.8   1.65   0.662
5511.099  5511.793     29.8   3.95   0.649
5511.781  5512.476    134.6  14.99   3.250
5512.288  5512.983    104.1   2.58   1.143
5513.651  5514.346     97.3   7.03   0.478
5513.835  5514.530    104.6   7.09   0.771
5514.915  5515.610     10.5   0.55   0.121
5516.069  5516.764    116.7   2.40   0.417
5516.373  5517.068     35.4   1.04   0.287
5516.842  5517.537     20.0   1.13   0.218
5517.818  5518.514      5.5   0.72   0.094
5518.887  5519.583     24.4   0.80   0.202
5519.804  5520.500     14.0   1.18   0.358
5520.270  5520.966     17.5   2.24   0.604
5520.491  5521.187     24.7   2.27   0.846
5520.840  5521.536     18.2   1.64   0.407
5521.749  5522.446     65.2   1.14   0.495  5522.450 FE1  26.0
5522.600  5523.296     36.8   1.06   0.294
5523.279  5523.975     18.2   0.65   0.197
5523.538  5524.234      6.5   0.64   0.215  5524.240 FE1  26.0
5524.403  5525.099     24.9   1.78   0.557  5525.130 FE2  26.1
5524.852  5525.548     79.1   1.47   0.686  5525.540 FE1  26.0
5525.101  5525.798      9.3   0.94   0.242
5526.116  5526.813    109.8   2.19   1.054  5526.790 	Sc__2
5526.870  5527.567     11.3   0.55   0.142
5527.481  5528.178     25.2   4.37   1.089
5527.720  5528.417    211.9   7.34   2.099  5528.405 	Mg__1
5528.178  5528.875     34.1   3.88   0.720  5528.890 FE1  26.0
5528.463  5529.160     36.7   1.11   0.327
5529.285  5529.982     12.3   0.57   0.153
5529.768  5530.465     15.8   0.84   0.219
5530.081  5530.779     69.8   0.75   0.255
5531.285  5531.982     22.3   1.67   0.401
5531.442  5532.140     11.0   1.64   0.372
5532.097  5532.794     97.4   7.10   1.623
5533.116  5533.814      8.7   1.16   0.339
5534.123  5534.820     82.4   5.06   1.317  5534.847 	Fe__2
5534.768  5535.465    139.0   5.19   1.351
5535.623  5536.321      5.1   0.59   0.188
5535.882  5536.580     26.1   0.54   0.202  5536.580 FE1  26.0
5537.058  5537.756    103.8   1.67   0.432
5537.817  5538.515     60.9   0.91   0.260
5538.574  5539.273     40.6   0.49   0.085  5539.290 FE1  26.0
5539.121  5539.820     17.4   0.57   0.117  5539.810 FE1  26.0
5540.151  5540.850      5.7   0.80   0.144
5542.324  5543.023     23.4   2.60   0.423
5542.482  5543.181     87.1   2.76   0.556  5543.150 FE1  26.0
5543.240  5543.939     86.7   1.73   0.791  5543.930 FE1  26.0
5543.909  5544.608     22.3   0.65   0.170
5544.526  5545.225      6.4   0.76   0.183
5545.269  5545.969     37.4   1.10   0.368
5545.813  5546.512     79.3   2.73   0.576  5546.500 FE1  26.0
5546.309  5547.008     65.0   2.68   0.372  5547.000 FE1  26.0
5547.743  5548.443      9.2   0.67   0.184
5548.944  5549.644     16.9   0.56   0.155
5549.254  5549.953     30.3   0.62   0.211  5549.950 FE1  26.0
5551.233  5551.933      6.9   0.65   0.205
5551.523  5552.223     15.3   0.28   0.093
5551.981  5552.681     12.1   0.69   0.224  5552.680 FE1  26.0
5552.475  5553.175      6.5   1.70   0.323
5552.935  5553.635    110.0   2.24   0.734
5554.181  5554.881    120.5   2.33   0.716  5554.890 FE1  26.0
5556.309  5557.010     18.8   0.76   0.235
5557.246  5557.947     96.6   1.35   0.446
5558.062  5558.763      8.3   0.49   0.125
5558.949  5559.650     13.9   1.34   0.413  5559.630 FE1  26.0
5559.515  5560.216     72.4   1.68   0.713  5560.220 FE1  26.0
5560.546  5561.247     18.1   0.65   0.165
5560.907  5561.608      6.3   0.90   0.139
5561.423  5562.124     17.0   1.82   0.485
5562.004  5562.706     81.4   2.49   0.566
5562.939  5563.640    139.9   2.09   0.761
5564.780  5565.481     52.1   1.77   0.425
5565.006  5565.707    101.1   1.93   0.644
5565.359  5566.061     21.0   1.30   0.266
5566.056  5566.757     19.9   1.20   0.455
5566.671  5567.373    117.1   2.22   0.831
5567.023  5567.725      5.2   1.05   0.341
5568.170  5568.872     25.9   0.58   0.227  5568.860 FE1  26.0
5568.706  5569.408      9.2   3.13   0.524
5568.923  5569.626    155.5   3.98   1.495  5569.618 	Fe__1
5569.286  5569.988     17.2   2.26   0.679
5569.727  5570.429     19.0   0.45   0.171
5572.140  5572.842    182.2   5.17   1.506  5572.842 	Fe__1
5572.381  5573.084     87.1   1.75   0.267
5572.930  5573.632      9.7   0.80   0.352
5575.390  5576.093    137.0   3.98   1.458  5576.089 	Fe__1
5576.317  5577.020     17.4   0.80   0.203  5577.030 FE1  26.0
5576.625  5577.328      5.0   0.54   0.213
5578.015  5578.719    108.3   2.32   0.992
5578.645  5579.349     24.7   0.61   0.169  5579.340 FE1  26.0
5578.972  5579.675      6.0   0.88   0.201
5579.725  5580.428      9.7   0.41   0.089
5581.265  5581.969    125.6   2.60   1.214  5581.965 	Ca__1
5582.270  5582.974      6.1   0.78   0.175
5583.274  5583.978      9.9   1.10   0.270
5583.802  5584.506     26.4   0.56   0.204
5584.066  5584.770     68.9   1.01   0.291  5584.760 FE1  26.0
5584.414  5585.118      9.4   0.87   0.195
5584.954  5585.658      5.9   0.95   0.249
5585.596  5586.300     14.4   2.52   0.402
5586.050  5586.754    189.3   8.50   1.469  5586.756 	Fe__1
5586.263  5586.967     25.1   6.86   0.582
5586.877  5587.581     63.6   1.70   0.557  5587.580 FE1  26.0
5587.156  5587.861    102.0   2.01   0.839
5587.798  5588.502      5.8   1.82   0.414
5588.055  5588.760    163.0   5.25   1.701  5588.749 	Ca__1
5588.652  5589.357     43.6   1.53   0.255
5589.139  5589.843     25.8   1.43   0.224
5589.410  5590.115    116.8   2.42   1.382  5590.114 	Ca__1
5590.039  5590.744     57.5   2.54   0.790
5590.657  5591.362     10.0   0.77   0.220
5591.477  5592.182     91.4  15.88   1.051
5591.591  5592.296    109.8  15.70   1.594
5593.029  5593.734     60.4   1.24   0.370
5593.818  5594.524    218.6  11.30   3.976
5594.350  5595.055     10.1   1.23   0.157  5595.050 FE1  26.0
5597.704  5598.410    233.9   8.99   3.256
5599.443  5600.149     89.3   9.92   3.418
5600.343  5601.049     23.2   3.99   0.734
5600.571  5601.277    146.8   4.92   0.995  5601.277 	Ca__1
5601.090  5601.796     15.4   0.70   0.204
5602.168  5602.874    258.1   6.31   1.442  5602.842 	Ca__1
5603.033  5603.739     41.0   0.98   0.342
5604.225  5604.932     23.9   1.08   0.266
5606.296  5607.003      7.6   0.77   0.161
5606.952  5607.659     30.8   0.67   0.131  5607.660 FE1  26.0
5608.271  5608.978     25.5   0.86   0.237  5608.970 FE1  26.0
5609.233  5609.941     14.2   1.00   0.328  5609.960 FE1  26.0
5609.554  5610.261     15.7   0.83   0.336
5610.650  5611.358     25.4   1.16   0.400  5611.350 FE1  26.0
5612.986  5613.694      5.1   0.71   0.212
5613.574  5614.282     24.0   0.83   0.300
5614.066  5614.774     60.6   1.93   0.411
5614.612  5615.320    140.5   6.17   1.658
5614.923  5615.631    218.9   5.73   2.032  5615.640 FE1  26.0
5615.162  5615.870     35.9   3.70   0.930
5616.460  5617.168     53.0   1.62   0.608
5617.927  5618.636     70.7   0.79   0.329  5618.640 FE1  26.0
5618.527  5619.236     13.7   0.56   0.163  5619.220 FE1  26.0
5618.892  5619.600     56.0   0.64   0.260  5619.610 FE1  26.0
5619.320  5620.028     19.6   0.41   0.143
5619.773  5620.481     75.1   2.18   0.732
5620.556  5621.265      6.2   0.59   0.274
5620.886  5621.595     13.0   0.81   0.197
5621.481  5622.189      7.8   0.24   0.091
5622.250  5622.959     25.2   0.60   0.151  5622.940 FE1  26.0
5623.322  5624.031     75.7   2.42   0.488  5624.020 FE1  26.0
5623.845  5624.554    159.3   4.40   1.313  5624.542 	Fe__1
5624.150  5624.860     39.2   1.65   0.453
5624.617  5625.326     59.6   1.49   0.377
5624.954  5625.663     42.5   2.33   0.683
5625.311  5626.020     29.7   1.82   0.397
5625.935  5626.644     11.2   0.95   0.263
5626.385  5627.094      5.9   0.79   0.170
5626.888  5627.597     65.5  22.96   0.850
5626.956  5627.665     51.4  23.20   0.701
5627.630  5628.340     29.9   0.68   0.114
5627.927  5628.637     33.7   0.58   0.204
5629.405  5630.114      5.2   0.61   0.111
5631.054  5631.764     18.9   2.05   0.589
5631.765  5632.475      9.9   0.55   0.132
5633.234  5633.944     88.1   2.34   0.562  5633.940 FE1  26.0
5633.755  5634.465     14.0   2.60   0.506
5634.358  5635.068     15.3   2.82   0.540
5635.115  5635.825     59.2   1.14   0.367  5635.830 FE1  26.0
5635.484  5636.194     18.7   1.35   0.409
5635.997  5636.707     48.8   4.06   0.636  5636.700 FE1  26.0
5636.405  5637.115     60.0   5.47   1.186
5636.681  5637.391     52.3   2.64   0.833
5636.988  5637.699     12.4   1.44   0.523
5637.551  5638.261    101.7   1.53   0.609  5638.260 FE1  26.0
5638.039  5638.749     19.6   0.98   0.219
5638.839  5639.550     12.7   0.67   0.203
5639.359  5640.070      5.7   0.50   0.125
5639.588  5640.299     24.0   0.52   0.051  5640.300 FE1  26.0
5640.282  5640.993     92.2   8.79   1.590  5641.001 	Sc__2
5640.729  5641.440     98.5  10.05   1.480  5641.430 FE1  26.0
5641.157  5641.868     41.0   2.95   0.534
5641.693  5642.404     10.7   1.61   0.470
5642.004  5642.716     24.3   1.84   0.581
5642.366  5643.077     24.0   0.93   0.193
5643.366  5644.078    112.5   8.30   2.250
5644.904  5645.616     50.6   4.08   0.748
5645.385  5646.097     26.8   2.86   0.423
5645.961  5646.673     12.2   1.69   0.416  5646.680 FE1  26.0
5646.522  5647.234     49.9   1.91   0.480
5647.850  5648.563     32.3   0.93   0.316
5648.368  5649.080     14.6   1.54   0.394
5648.671  5649.383      8.7   1.08   0.329
5648.958  5649.670     69.6   3.13   0.876
5649.253  5649.965     53.8   3.72   1.456  5650.000 FE1  26.0
5649.970  5650.683     51.2   1.33   0.261  5650.690 FE1  26.0
5650.753  5651.465     30.7   0.88   0.215  5651.480 FE1  26.0
5651.603  5652.316     44.0   1.58   0.613  5652.330 FE1  26.0
5653.154  5653.866     59.8   1.21   0.417  5653.860 FE1  26.0
5653.785  5654.498     38.4   5.27   1.371
5654.198  5654.910     32.6   2.74   0.588
5654.475  5655.188     71.0   3.84   1.405  5655.170 FE1  26.0
5654.765  5655.478     96.8   4.47   1.479
5656.734  5657.447     37.7   3.57   0.729
5657.165  5657.878    108.2   8.57   1.246  5657.896 	Sc__2
5657.664  5658.377     97.3  12.26   2.204  5658.361 	Sc__2
5657.983  5658.697    289.3  11.54   5.060
5658.232  5658.946     40.7   8.30   1.639
5658.862  5659.575     33.7   0.86   0.248  5659.570 FE1  26.0
5660.036  5660.750     52.3   6.90   1.568
5660.634  5661.348     44.4   0.89   0.219  5661.350 FE1  26.0
5661.451  5662.165     67.6   6.67   1.818
5661.807  5662.520    135.9  12.40   2.629  5662.510 FE1  26.0
5662.187  5662.901    102.2   9.19   2.858  5662.925 	Y___2
5663.289  5664.003     61.7   0.90   0.338
5663.839  5664.553     16.6   0.60   0.215
5664.851  5665.565     57.8   0.79   0.183
5665.970  5666.684     33.4   1.40   0.378
5666.434  5667.149     73.1   5.70   1.324
5666.781  5667.496     96.6   7.38   2.250
5667.655  5668.369     37.2   1.03   0.369
5668.295  5669.010     79.8   2.37   0.783  5669.042 	Sc__2
5669.010  5669.725     27.6   0.94   0.283
5669.218  5669.933     29.5   0.95   0.195
5670.133  5670.848     82.5   1.44   0.583
5670.762  5671.477      8.9   1.14   0.260
5671.091  5671.806     55.9   1.16   0.309
5672.701  5673.416      5.6   0.85   0.229
5674.709  5675.424     79.5   1.10   0.321
5675.014  5675.729     12.1   0.95   0.261
5676.985  5677.701     18.5   0.58   0.226  5677.680 FE1  26.0
5677.664  5678.380     10.3   1.07   0.191  5678.380 FE1  26.0
5677.884  5678.600     11.5   1.07   0.282  5678.600 FE1  26.0
5678.311  5679.027     73.6   1.31   0.546
5679.202  5679.918     17.8   0.44   0.172
5679.525  5680.241     24.6   0.68   0.113  5680.240 FE1  26.0
5681.496  5682.212     76.9   4.13   1.170
5681.901  5682.618    136.3   4.74   1.050
5682.337  5683.053      6.8   0.71   0.091
5683.475  5684.192     73.6   1.50   0.607  5684.202 	Sc__2
5683.772  5684.488     77.5   1.42   0.319
5685.474  5686.191     42.6   2.81   0.950
5685.808  5686.525     96.6   2.22   0.625
5686.118  5686.835     43.7   0.90   0.246
5686.685  5687.402      6.9   0.44   0.211
5687.493  5688.210    140.8   3.39   1.761
5687.817  5688.535     39.7   1.54   0.291
5688.748  5689.465     46.2   0.49   0.233
5689.704  5690.422     67.0   0.62   0.163
5690.395  5691.112     13.2   1.55   0.334
5690.789  5691.507     68.7   2.54   0.591  5691.490 FE1  26.0
5692.442  5693.160      8.3   0.76   0.249
5692.926  5693.644     65.8   0.57   0.330  5693.640 FE1  26.0
5694.025  5694.743     32.1   0.68   0.167
5694.266  5694.984     59.6   0.71   0.214
5695.374  5696.092     23.7   0.48   0.168  5696.090 FE1  26.0
5695.641  5696.359     12.8   0.66   0.233
5695.981  5696.700      5.4   0.79   0.281
5697.330  5698.048     40.0   6.77   1.426  5698.020 FE1  26.0
5697.751  5698.470    148.7  10.96   3.168
5698.197  5698.915      6.6   1.12   0.130
5698.686  5699.405     11.1   0.90   0.237
5699.458  5700.176     66.8  18.76   0.660
5699.544  5700.262     65.8  18.76   0.579
5700.398  5701.116     53.9   6.25   1.286
5700.820  5701.538    139.2   7.32   1.653  5701.560 FE1  26.0
5701.155  5701.874     11.6   1.49   0.461
5701.597  5702.315     61.5   2.00   0.610
5701.937  5702.656     31.4   2.08   0.533
5702.188  5702.907      9.3   0.74   0.232
5702.865  5703.584     94.2   1.47   0.628
5704.012  5704.731     32.0   0.29   0.072  5704.730 FE1  26.0
5704.744  5705.463     60.8   0.99   0.340
5705.317  5706.037    128.2   4.70   1.160
5706.010  5706.730     17.1   0.96   0.324
5706.292  5707.011    115.1   3.52   0.787
5707.411  5708.130     78.1   2.29   0.865
5707.660  5708.380    101.1   2.96   0.685  5708.400 	Si__1
5708.236  5708.956     18.9   2.52   0.507
5708.743  5709.463    243.8   7.21   1.770
5709.198  5709.917     24.5   2.49   0.427
5710.372  5711.092    126.9   2.21   1.047  5711.088 	Mg__1
5710.664  5711.384      8.4   1.54   0.379
5711.150  5711.870    145.4   3.72   0.912
5711.395  5712.115     99.0   3.14   0.996
5712.048  5712.768     43.9   1.14   0.338
5713.157  5713.877     17.7   0.48   0.138
5713.431  5714.151     29.0   0.37   0.095
5713.837  5714.558     12.6   0.52   0.230
5714.373  5715.093    100.6   2.03   0.782
5714.725  5715.446      6.9   1.30   0.370
5715.731  5716.452     25.7   1.00   0.224
5717.109  5717.830     89.4   1.76   0.603  5717.840 FE1  26.0
5717.400  5718.120     17.4   1.52   0.592
5718.368  5719.089      7.3   0.57   0.125
5719.098  5719.819     14.0   0.95   0.333
5719.704  5720.425     21.2   0.90   0.239
5720.185  5720.906     32.4   1.10   0.286  5720.880 FE1  26.0
5720.995  5721.716     12.6   1.01   0.205
5721.766  5722.488      5.7   0.90   0.254
5722.980  5723.702     13.0   0.87   0.261
5723.736  5724.458     11.4   0.98   0.353
5724.909  5725.630      7.4   0.82   0.271
5726.321  5727.043    114.5   3.04   1.206
5726.930  5727.652     60.0   1.10   0.463
5728.173  5728.895      9.8   0.60   0.196
5730.114  5730.836     12.4   0.84   0.238
5730.524  5731.247     64.8   1.82   0.678
5731.040  5731.763     80.1   1.36   0.634  5731.770 FE1  26.0
5731.587  5732.310     23.6   0.64   0.177  5732.290 FE1  26.0
5732.063  5732.786      7.9   0.74   0.203
5733.291  5734.013      7.2   0.58   0.201
5733.834  5734.557     14.3   0.75   0.203  5734.560 FE1  26.0
5734.975  5735.698     15.5   0.60   0.191
5736.340  5737.064     59.0   0.92   0.323
5737.518  5738.241     27.4   0.82   0.164  5738.240 FE1  26.0
5737.736  5738.459      7.4   0.79   0.258
5738.751  5739.475     27.9   0.71   0.193
5739.253  5739.977     24.0   0.66   0.171
5740.142  5740.865     12.1   1.11   0.258
5740.479  5741.203      5.0   0.42   0.204
5741.130  5741.853     54.9   1.21   0.286  5741.860 FE1  26.0
5742.228  5742.952     31.9   2.19   0.448  5742.960 FE1  26.0
5742.699  5743.423     46.9   2.40   0.532
5743.235  5743.959      6.1   0.47   0.159
5744.067  5744.791      7.0   0.43   0.195
5745.698  5746.423     13.4   0.83   0.266
5746.573  5747.297      5.2   0.59   0.122
5746.954  5747.679     47.4   1.26   0.503
5747.212  5747.937     63.7   3.00   0.567
5747.624  5748.349     84.2   3.19   0.837
5748.191  5748.916     11.5   1.13   0.220
5748.599  5749.324     11.2   0.81   0.140
5748.782  5749.506      5.0   0.80   0.130
5751.310  5752.035     73.2   0.78   0.316  5752.040 FE1  26.0
5752.121  5752.847      6.3   0.63   0.150
5752.406  5753.132     98.9   4.30   0.830
5752.897  5753.622     62.8   5.08   0.891
5753.379  5754.105     17.9   2.86   0.882
5753.665  5754.390     42.6   2.08   0.547  5754.400 FE1  26.0
5753.927  5754.652    128.4   2.25   0.750
5754.462  5755.187     10.7   1.19   0.356
5756.101  5756.826     44.5   0.86   0.267
5758.013  5758.739      7.1   0.52   0.098
5758.540  5759.266     14.5   0.43   0.146  5759.250 FE1  26.0
5758.804  5759.530     26.0   0.68   0.175
5759.629  5760.356     51.7   3.41   0.779  5760.360 FE1  26.0
5760.100  5760.827     57.0   3.25   0.512
5760.526  5761.252     14.4   1.35   0.300
5760.820  5761.547     13.3   1.80   0.524
5761.652  5762.378     79.1   5.36   1.278
5762.238  5762.965    143.3   6.60   1.569  5762.992 	Fe__1
5762.664  5763.390      7.1   1.43   0.299
5765.598  5766.325     23.7   0.71   0.195
5768.311  5769.039     11.9   0.90   0.307
5768.605  5769.332     16.4   0.55   0.210  5769.320 FE1  26.0
5769.777  5770.504      8.2   0.65   0.251
5770.871  5771.598     15.4   0.47   0.118
5771.411  5772.139     69.3   0.99   0.269
5771.666  5772.393     14.9   0.86   0.225
5772.705  5773.432      5.6   0.68   0.185
5773.322  5774.050     31.1   2.47   0.675
5773.808  5774.536      8.4   1.18   0.302
5774.352  5775.080     85.6   1.32   0.597  5775.090 FE1  26.0
5775.490  5776.218      7.6   0.63   0.126
5775.889  5776.617      8.5   1.27   0.233
5776.037  5776.765      9.0   1.27   0.185
5777.075  5777.803      5.7   0.41   0.172
5777.726  5778.454     66.8   1.11   0.490  5778.460 FE1  26.0
5778.935  5779.664     11.0   1.10   0.429
5779.623  5780.351     55.9   3.20   0.955
5779.876  5780.605     90.6   3.68   0.499
5780.098  5780.827     82.5   3.63   1.003
5780.451  5781.180     47.4   3.92   0.767
5781.030  5781.758     55.1   3.17   0.784
5781.384  5782.113    160.8   4.09   0.959
5781.865  5782.594      7.3   1.47   0.316
5782.335  5783.064     62.7   0.92   0.269
5782.775  5783.504      6.1   0.81   0.225
5783.140  5783.870     86.7   1.72   0.595
5783.660  5784.389      5.2   0.74   0.191
5783.951  5784.680     68.0   2.97   1.519  5784.670 FE1  26.0
5784.252  5784.981     69.2   5.09   1.323
5784.545  5785.274     83.9   6.58   1.323
5784.955  5785.685     85.0   6.26   1.659
5785.224  5785.954     55.4   3.20   0.820
5786.277  5787.007     22.8   1.01   0.262
5787.190  5787.920     73.7   1.03   0.382
5787.671  5788.401     20.5   0.92   0.239
5788.143  5788.872      6.1   0.62   0.161
5789.399  5790.129     15.2   0.76   0.232
5789.936  5790.666     15.9   0.82   0.179
5790.262  5790.992    129.3   2.98   0.808
5790.784  5791.514     20.1   1.49   0.538
5791.021  5791.751     10.2   1.46   0.180
5792.338  5793.068     57.6   1.01   0.266
5792.891  5793.621      7.5   1.03   0.262
5793.186  5793.916     60.1   0.50   0.162  5793.920 FE1  26.0
5795.340  5796.070     38.3   1.10   0.261
5795.978  5796.708      9.4   0.58   0.117
5796.603  5797.334     13.4   1.97   0.471
5796.842  5797.573     35.2   2.05   0.665
5797.123  5797.854     64.1   2.79   0.867
5797.444  5798.174     77.3   1.80   0.548
5797.752  5798.483     11.3   0.66   0.176
5800.505  5801.236     11.0   0.63   0.190
5803.323  5804.054     66.6   5.30   1.510
5803.668  5804.399     56.8   7.10   2.361
5804.485  5805.216     58.8   0.63   0.262
5805.040  5805.772     36.7   0.63   0.239
5805.987  5806.719     77.7   0.83   0.298  5806.730 FE1  26.0
5807.064  5807.796     29.4   1.95   0.492
5807.526  5808.258      9.5   1.18   0.307
5808.484  5809.217     86.3   1.43   0.384
5809.150  5809.882      7.8   0.86   0.224
5809.992  5810.724      7.1   0.65   0.057
5810.118  5810.851      7.3   0.65   0.076
5810.836  5811.569     10.3   0.92   0.232
5811.179  5811.912     25.9   0.78   0.246  5811.910 FE1  26.0
5812.096  5812.829      8.8   0.76   0.193
5813.236  5813.969     13.6   0.81   0.166
5814.074  5814.807     44.5   1.34   0.236  5814.810 FE1  26.0
5814.475  5815.208     24.0   1.39   0.338
5814.885  5815.618      6.0   0.65   0.250
5815.352  5816.085     30.4   2.02   0.781
5815.615  5816.349    107.0   1.98   0.600
5816.336  5817.069     25.7   0.90   0.195
5819.225  5819.958      9.3   1.41   0.380
5821.147  5821.881     12.9   1.14   0.208
5821.732  5822.466     10.1   0.78   0.199
5822.535  5823.269      6.6   1.54   0.384
5822.959  5823.693     21.5   1.39   0.240
5825.067  5825.801     15.8   0.68   0.221
5825.888  5826.622     11.9   0.87   0.333
5826.699  5827.433     13.6   1.44   0.264
5827.136  5827.871     37.5   1.24   0.211  5827.870 FE1  26.0
5827.951  5828.686      6.4   0.65   0.090
5829.316  5830.051      7.6   0.84   0.290
5829.948  5830.683      9.1   0.41   0.123
5830.867  5831.602     44.4   0.84   0.260
5831.089  5831.824      5.9   0.79   0.390
5833.243  5833.979     46.4   1.60   0.442
5833.893  5834.629     12.0   0.56   0.175
5834.374  5835.110     31.7   2.07   0.414  5835.110 FE1  26.0
5834.785  5835.520     29.8   2.88   0.875
5836.980  5837.716     16.9   1.40   0.565  5837.700 FE1  26.0
5837.328  5838.064     15.6   0.98   0.331
5837.631  5838.367     42.0   1.11   0.445  5838.370 FE1  26.0
5837.926  5838.662     13.6   0.92   0.192
5842.470  5843.207      8.4   1.24   0.292
5843.862  5844.599     14.8   1.12   0.408
5844.192  5844.928     10.5   0.78   0.185  5844.910 FE1  26.0
5844.555  5845.292      8.7   0.66   0.163  5845.280 FE1  26.0
5845.225  5845.961      6.8   1.10   0.283
5845.473  5846.210     11.0   0.78   0.166
5846.262  5846.999     71.5   0.82   0.318  5846.990 NI1  1.68  1 -3.21   0.249E-31     26.0   6.11  -0.14
5847.368  5848.106     66.9   0.70   0.207
5848.477  5849.214      6.1   0.61   0.218
5848.947  5849.685     20.6   0.68   0.192  5849.680 FE1  26.0
5851.487  5852.225     63.7   1.01   0.284  5852.230 FE1  26.0
5852.418  5853.156     40.9   1.48   0.252  5853.150 FE1  26.0
5852.939  5853.677    116.3   3.13   0.914  5853.690 BA2  0.60  8 -1.01   0.124E-31     69.0   2.47   0.34
5854.343  5855.082     35.9   1.34   0.351  5855.090 FE1  26.0
5855.348  5856.086     55.4   0.98   0.277  5856.100 FE1  26.0
5856.710  5857.449    151.7   4.02   1.282  5857.450 CA1  2.93  1  0.23   0.683E-30    128.0   6.05  -0.31
5857.002  5857.741     73.0   1.55   0.251
5857.540  5858.279     17.9   0.46   0.150
5858.037  5858.775     26.7   0.76   0.171  5858.780 FE1  26.0
5858.554  5859.292      9.7   0.99   0.361
5858.849  5859.588     90.8   1.39   0.601  5859.600 FE1  26.0
5860.367  5861.105     14.6   0.70   0.198  5861.110 FE1  26.0
5861.621  5862.360    104.4   2.16   0.863  5862.357 	Fe__1
5862.050  5862.789      5.4   0.73   0.170
5863.180  5863.919     11.3   1.79   0.427
5863.508  5864.247     16.8   0.77   0.151
5865.714  5866.454    116.1   2.48   0.820  5866.450 TI1  1.07  1 -0.84   0.227E-31     52.0   5.09   0.07
5866.288  5867.028      5.0   0.72   0.195
5866.823  5867.562     44.9   0.94   0.226
5867.405  5868.145      5.3   0.52   0.140
5868.352  5869.091      5.7   0.69   0.241
5868.933  5869.673      9.4   0.53   0.181
5870.608  5871.348     12.8   0.81   0.276
5872.295  5873.035      7.9   1.37   0.181
5872.460  5873.200     36.6   1.42   0.135  5873.210 FE1  26.0
5873.046  5873.786     11.8   1.26   0.307
5875.541  5876.282     17.0   1.78   0.391
5877.040  5877.781     40.4   0.78   0.256
5877.325  5878.066      9.0   0.52   0.179
5878.738  5879.479     21.9   1.34   0.230  5879.490 FE1  26.0
5879.268  5880.009     24.2   2.29   0.474  5880.020 FE1  26.0
5879.544  5880.286     50.1   1.67   0.454
5879.907  5880.649     13.5   1.63   0.366
5880.535  5881.277     35.0   1.83   0.400  5881.280 FE1  26.0
5880.985  5881.727     23.4   1.94   0.527
5881.993  5882.735     11.0   1.37   0.493
5882.386  5883.128      5.6   0.62   0.123
5883.074  5883.816     96.3   2.22   0.635  5883.810 FE1  26.0
5883.871  5884.612     23.0   2.66   0.615
5884.246  5884.987     15.7   1.31   0.412
5884.656  5885.398      6.4   0.60   0.138
5885.621  5886.363     11.1   1.43   0.408
5885.989  5886.731     28.3   1.05   0.177
5886.360  5887.102     16.0   0.92   0.211
5886.716  5887.458     15.0   1.27   0.399
5887.230  5887.972     31.0   2.43   0.376
5887.666  5888.409     36.1   5.41   1.061
5888.181  5888.923     25.4   6.17   1.126
5888.749  5889.492     91.1  13.89   3.126
5889.238  5889.980    488.3   3.35   3.860  5889.951 	Na__1
5889.331  5890.074    398.7  47.58   3.005
5889.457  5890.199    478.1   0.27   3.979
5890.002  5890.744     49.4  11.25   2.700
5890.425  5891.167     49.8   5.17   1.007
5890.687  5891.430     15.6   2.44   0.796
5891.120  5891.863     18.3   1.44   0.320
5891.673  5892.415     47.0   5.91   1.184
5892.089  5892.831    157.3   6.22   1.699
5892.396  5893.139     31.2   2.33   0.632
5893.035  5893.778     13.7   1.23   0.280
5893.491  5894.234     14.3   1.40   0.324
5894.516  5895.259     29.0   5.29   1.448
5894.809  5895.552     56.9   6.03   1.931
5895.121  5895.864    305.1   7.39   3.027
5895.338  5896.081    424.7   5.30   2.591
5895.718  5896.461     98.8   3.36   0.820
5896.008  5896.752     14.0   1.86   0.500
5896.469  5897.212     37.5   1.98   0.489
5896.812  5897.555     25.7   1.31   0.342
5897.130  5897.873      5.2   0.64   0.270
5897.466  5898.210     33.6   0.42   0.120  5898.210 FE1  26.0
5898.166  5898.910     30.3   1.75   0.514
5898.554  5899.298     98.6   2.50   0.984  5899.300 TI1  1.05  1 -1.15   0.220E-31     34.0   5.00  -0.02
5898.774  5899.517     25.7   2.20   0.339
5898.999  5899.743     12.9   1.97   0.237
5900.004  5900.748     35.5   1.18   0.470
5900.806  5901.550     17.3   1.13   0.370
5901.461  5902.205     40.8   0.99   0.463
5901.731  5902.475     24.5   0.85   0.242  5902.480 FE1  26.0
5902.154  5902.898      7.9   0.53   0.173
5902.578  5903.322     34.5   0.87   0.342
5903.542  5904.287      7.3   0.47   0.152
5904.102  5904.846     11.3   0.97   0.221
5904.575  5905.319      5.5   0.75   0.156
5904.927  5905.672     79.2   1.67   0.758  5905.680 FE1  26.0
5905.762  5906.506     10.0   0.60   0.241
5906.111  5906.856     28.0   0.36   0.099
5907.134  5907.879     25.8   1.91   0.568
5907.844  5908.589      8.8   0.38   0.127
5908.172  5908.917      9.7   0.36   0.072
5909.225  5909.970     75.4   3.96   0.728
5910.205  5910.950      8.0   0.47   0.127
5910.755  5911.500     14.9   0.73   0.148
5911.349  5912.095     10.2   0.97   0.173
5913.001  5913.746     18.8   1.31   0.292
5913.416  5914.162    147.4   2.38   0.589  5914.201 	Fe__1
5914.826  5915.571     39.1   1.75   0.610
5915.227  5915.972     12.6   1.29   0.330
5915.509  5916.255    112.0   2.03   0.700  5916.240 FE1  26.0
5916.018  5916.764     13.0   1.10   0.227
5917.796  5918.542     59.8   1.20   0.208  5918.540 TI1  1.07  1 -1.47   0.223E-31     13.0   4.76  -0.26
5918.421  5919.168     28.9   0.89   0.259
5919.055  5919.801     33.3   0.81   0.220
5919.654  5920.400     39.3   0.55   0.166
5920.560  5921.306      8.6   1.01   0.308
5921.369  5922.115     74.9   2.33   0.771  5922.110 TI1  1.05  1 -1.47   0.218E-31     22.0   5.04   0.02
5922.499  5923.246     14.4   1.32   0.277
5923.168  5923.915     12.4   0.56   0.160
5923.757  5924.504     26.3   3.95   1.150
5924.272  5925.019     24.0   0.67   0.136
5925.016  5925.763     17.1   0.81   0.282
5927.041  5927.789     55.2   1.41   0.341  5927.800 FE1  26.0
5928.201  5928.948     18.0   2.40   0.901
5928.938  5929.685     61.4   4.70   0.742  5929.680 FE1  26.0
5929.436  5930.183    103.6   5.51   0.852  5930.190 FE1  26.0
5932.095  5932.842     26.8   0.68   0.112
5932.781  5933.529     15.0   0.69   0.204
5933.039  5933.787     10.6   0.71   0.270  5933.800 FE1  26.0
5933.914  5934.662    102.0   1.76   0.508  5934.670 FE1  26.0
5934.637  5935.386     22.1   1.25   0.372
5937.061  5937.810     41.7   0.76   0.210  5937.810 TI1  1.07  1 -1.89   0.222E-31      9.0   5.00  -0.02
5939.918  5940.667     15.5   0.53   0.168
5940.252  5941.000     37.9   1.27   0.372  5940.990 FE1  26.0
5941.024  5941.773     93.2   2.03   0.366  5941.750 TI1  1.05  1 -1.52   0.217E-31     16.0   4.90  -0.12
5941.642  5942.391     19.5   1.08   0.361
5941.988  5942.737      5.5   0.99   0.226
5942.531  5943.280     45.7   4.24   1.255
5942.821  5943.570     45.3   1.81   0.532
5943.921  5944.670      9.5   1.47   0.398
5944.303  5945.052     11.7   0.83   0.286
5944.753  5945.503     11.8   0.46   0.156
5945.701  5946.451     15.4   1.22   0.351
5945.997  5946.747     29.3   0.78   0.251
5946.792  5947.542     26.8   0.93   0.262  5947.530 FE1  26.0
5947.054  5947.804     19.9   1.19   0.337
5947.790  5948.540     91.5   1.40   0.436  5948.541 	Si__1
5948.565  5949.315     90.8   1.27   0.553
5949.172  5949.922     22.0   0.83   0.209
5949.793  5950.543      9.6   0.99   0.350
5950.314  5951.064      6.3   0.62   0.147
5951.507  5952.257      6.1   0.76   0.137
5951.983  5952.733     90.1   6.92   1.658  5952.710 FE1  26.0
5952.383  5953.133     90.2   6.80   1.923  5953.160 TI1  1.89  1 -0.33   0.542E-31     36.0   5.04   0.02
5953.525  5954.276      5.7   0.85   0.196
5954.963  5955.714     11.0   0.64   0.184
5955.946  5956.697    119.9   3.04   1.542  5956.710 FE1  26.0
5956.367  5957.118      7.5   0.92   0.273
5957.546  5958.297     62.1   1.91   0.641
5957.868  5958.619     19.1   0.72   0.121
5958.259  5959.010     10.9   1.26   0.443
5958.638  5959.389     14.6   1.31   0.410
5958.900  5959.651     14.0   1.22   0.530
5959.155  5959.906     12.7   0.98   0.256
5959.647  5960.398      5.3   0.47   0.119
5962.471  5963.222     25.3   1.34   0.375
5964.912  5965.664     10.2   2.50   0.125
5965.086  5965.838     81.8   2.70   0.471  5965.830 TI1  1.88  1 -0.41   0.533E-31     30.0   4.98  -0.04
5966.282  5967.034     10.1   0.78   0.209
5966.680  5967.432     14.1   0.85   0.303
5967.051  5967.803      8.1   0.41   0.125
5967.824  5968.576     17.1   1.22   0.210
5968.293  5969.046     24.6   2.18   0.475
5968.830  5969.582     14.3   1.25   0.340  5969.560 FE1  26.0
5970.061  5970.814      6.3   0.83   0.187
5971.344  5972.096     14.5   1.18   0.424
5974.597  5975.350     72.6   0.90   0.250
5975.107  5975.860     21.1   0.88   0.181
5975.696  5976.449     17.7   0.69   0.176
5976.026  5976.780     95.5   1.06   0.434  5976.790 FE1  26.0
5977.031  5977.785     23.4   0.98   0.279
5977.332  5978.086     12.0   1.13   0.295
5977.793  5978.547     78.9   1.00   0.334  5978.540 TI1  1.87  1 -0.50   0.525E-31     26.0   4.97  -0.05
5978.116  5978.870      9.3   0.48   0.087
5980.057  5980.811     12.2   0.83   0.319
5980.607  5981.361      6.0   0.66   0.221
5981.213  5981.967      8.7   0.57   0.237
5981.559  5982.313      5.5   0.95   0.277
5982.141  5982.895     10.8   0.63   0.219
5982.931  5983.685     91.4   1.89   0.523
5983.328  5984.082     20.5   3.01   0.731
5984.061  5984.815    104.4   4.31   0.742  5984.830 FE1  26.0
5984.349  5985.103     12.2   1.70   0.602
5985.260  5986.015     11.4   0.72   0.342
5986.314  5987.069     88.9   2.11   0.546  5987.060 FE1  26.0
5987.800  5988.555     18.7   1.45   0.275
5988.027  5988.782     15.3   1.44   0.326
5988.561  5989.316     12.2   1.27   0.230
5989.303  5990.058      8.4   0.89   0.272
5990.614  5991.369     50.8   4.20   0.733  5991.376 	Fe__2
5991.121  5991.876     66.3   7.00   1.822
5992.018  5992.774      9.2   0.46   0.152
5995.230  5995.986     15.1   0.65   0.176
5995.965  5996.721     33.5   0.76   0.243
5996.829  5997.585     34.3   3.98   0.687
5997.028  5997.784     78.2   4.24   0.617
5997.407  5998.163      8.6   1.73   0.417
5998.200  5998.956     18.5   0.65   0.305
5998.447  5999.203     15.1   0.64   0.095
5998.899  5999.655     24.3   0.96   0.268
5999.901  6000.658     13.8   1.38   0.330
