4100.234  4100.751    100.8  19.31   4.465
4100.740  4101.257     82.2   7.83   1.258
4101.180  4101.697    328.3   5.24   6.422
4101.607  4102.124     66.2   9.78   2.160
4101.848  4102.365     16.5   6.29   2.478
4102.152  4102.670     19.9   3.23   0.903
4102.409  4102.926    138.2   5.65   1.846  4102.936 	Si__1
4102.784  4103.301     57.6   7.36   2.119
4103.055  4103.572     59.9   6.09   1.676
4103.621  4104.138    138.1   5.63   1.741  4104.114 	Fe__1
4103.896  4104.414     89.6   6.58   1.555
4104.342  4104.859    229.7  17.04   7.816
4104.617  4105.134    136.1   8.72   2.693
4105.819  4106.336    180.1  15.34   8.032
4106.090  4106.608     73.8   7.43   2.461
4106.416  4106.934     15.4   9.35   2.516
4106.936  4107.454    152.9   8.55   2.097
4107.301  4107.819     23.7   3.41   0.844
4107.589  4108.106     85.9   4.60   1.224
4107.969  4108.487     90.5  10.38   2.423
4108.519  4109.037     88.8   8.54   2.548
4108.971  4109.489    119.8   9.78   3.180
4109.277  4109.795    193.9  11.23   2.679  4109.802 	Fe__1
4109.998  4110.517    154.1  10.57   2.557
4110.367  4110.885    105.9  10.78   3.421
4110.861  4111.379     66.5   9.46   2.338
4111.240  4111.758    164.1  11.03   2.547
4111.774  4112.293     96.9   9.20   1.964
4112.188  4112.707     72.0   8.08   2.979
4112.424  4112.942     95.4   5.83   2.124  4112.959 	Fe__1
4112.658  4113.177     21.0   5.84   1.226
4113.013  4113.531     29.8   5.39   1.115
4113.551  4114.070     34.3   6.02   1.286
4113.940  4114.458    107.8   9.67   3.118  4114.445 	Fe__1
4114.415  4114.933     55.0   9.51   3.168
4114.666  4115.185    122.7  11.34   3.471
4115.373  4115.892     54.0   6.59   1.532
4116.010  4116.529    153.9  17.56   4.127
4116.409  4116.928     59.6  16.06   2.512
4117.086  4117.605     22.8   4.18   0.965
4117.330  4117.849     94.4   3.29   0.977
4117.662  4118.182     65.2   3.57   0.862
4118.021  4118.540    176.8   8.15   2.623  4118.545 	Fe__1
4118.305  4118.824    223.8   8.06   2.959
4118.888  4119.408    131.6   7.83   1.475
4119.341  4119.860     68.3   7.41   2.122
4119.676  4120.195     97.1  10.89   2.559  4120.207 	Fe__1
4120.058  4120.577     44.7   7.03   0.983
4120.283  4120.803     26.5   7.33   2.299
4120.813  4121.333    155.1   6.95   2.750  4121.311 	Co__1
4121.277  4121.797    109.9   8.64   2.344  4121.803 	Fe__1
4121.669  4122.188     58.4   4.10   1.708
4122.054  4122.574    140.3  12.12   5.380
4122.736  4123.256     96.0   5.28   1.798
4122.973  4123.493    141.7   6.17   1.900
4123.274  4123.794    202.9   9.07   3.749
4123.616  4124.136     14.9   6.40   1.294
4123.981  4124.501     46.5   8.11   1.499
4124.315  4124.835     59.0   7.23   3.335
4125.124  4125.644    100.9   4.41   1.377
4125.360  4125.880     96.4   4.11   1.476
4125.640  4126.160    130.0   6.00   1.517  4126.183 	Fe__1
4126.006  4126.526     68.2   6.71   1.431
4126.353  4126.873     51.3  11.65   2.782
4126.810  4127.330     47.1   4.06   0.761
4127.186  4127.707    294.5   7.06   4.958
4127.533  4128.053    161.3   6.47   2.052  4128.054 	Si__2
4127.786  4128.306     39.6   5.88   1.384
4128.229  4128.750     36.3   7.74   1.744  4128.748 	Fe__2
4128.669  4129.190     88.6   5.59   1.578  4129.161 	Ti__2
4128.938  4129.459    110.1   2.82   0.820
4129.162  4129.683    160.2   2.58   1.098
4129.506  4130.026    123.9   2.58   0.985
4129.837  4130.358     52.1   4.63   1.476
4130.140  4130.661     72.7   4.85   0.974  4130.645 	Ba__2
4130.593  4131.114     84.4   9.54   1.878
4131.506  4132.027    328.6   0.01   5.479  4132.058 	Fe__1
4132.023  4132.544    273.2  17.92   9.100
4132.362  4132.883    133.6  11.88   3.068  4132.899 	Fe__1
4132.843  4133.364     46.8   8.06   1.288
4133.290  4133.811    143.1  16.91   3.491
4133.813  4134.334    256.2  11.46   5.600
4134.007  4134.528    323.1   2.95   2.788
4134.410  4134.931     32.9   4.10   1.276
4134.817  4135.338     73.3  10.58   3.454
4135.219  4135.741     57.6   6.81   1.095
4136.021  4136.542     88.5   6.45   1.700
4136.487  4137.009    118.8   8.31   1.827  4136.998 	Fe__1
4136.815  4137.336    138.2  12.99   5.456
4137.141  4137.662     42.2   6.17   1.988
4137.439  4137.961     34.8   3.84   1.135
4137.833  4138.355     53.4   5.10   0.910
4138.247  4138.769     43.3   3.15   0.736
4138.532  4139.054     27.1   2.45   1.032
4138.942  4139.464     33.6   5.41   1.083
4139.403  4139.925     92.2  17.48   5.011
4139.910  4140.432     84.6   7.44   1.438
4140.223  4140.745     53.3   7.59   1.080
4141.128  4141.650     55.5   5.99   1.460
4141.319  4141.841    118.5   4.35   1.286
4141.744  4142.266     99.7  11.24   3.545
4141.976  4142.498    194.7  15.03   5.137
4142.468  4142.991    284.8  19.44   9.157
4142.814  4143.337     81.2  23.47   4.236
4143.990  4144.512     58.0   4.81   1.336
4144.246  4144.768     42.8   3.75   0.918
4144.681  4145.204     54.8   9.15   1.308
4145.264  4145.787     78.0   5.56   1.783  4145.781 	Cr__2
4145.512  4146.035    141.4  10.80   2.742
4146.204  4146.726     34.6   8.00   1.476
4146.469  4146.992     12.7  10.94   3.734
4146.823  4147.345     68.0  10.48   1.796
4147.094  4147.617    211.1  10.52   4.593
4147.949  4148.472     41.2   5.69   1.255
4148.227  4148.750     42.4   2.91   0.979
4148.679  4149.202    124.5   6.29   1.493  4149.217 	Zr__2
4148.878  4149.402    138.2   6.71   2.498
4149.283  4149.806    150.1   8.44   2.647
4149.800  4150.323    156.2  14.94   5.904
4150.185  4150.709     73.6   9.47   2.471
4150.440  4150.963     91.7   5.21   1.399
4151.254  4151.778     66.5   9.18   3.279
4151.585  4152.108    331.7   2.58   4.875
4152.020  4152.543     37.0   7.97   1.418
4152.240  4152.764     23.0   3.86   1.412
4152.519  4153.042     27.4   5.55   0.774
4152.870  4153.393     60.4   6.73   1.222
4153.367  4153.890    152.4  16.42   2.983  4153.900 	Fe__1
4153.969  4154.493    170.0  10.53   2.840  4154.499 	Fe__1
4154.259  4154.783    130.7   8.53   2.460  4154.806 	Fe__1
4154.912  4155.435     41.5   3.39   0.749
4155.553  4156.077     82.2  11.06   2.150
4155.783  4156.307    160.9  16.31   5.490  4156.276 	Zr__2
4156.255  4156.779    298.1  10.75   5.610  4156.799 	Fe__1
4156.655  4157.179     20.5   9.58   1.507
4157.272  4157.796    131.0   5.38   2.005  4157.780 	Fe__1
4157.520  4158.044     94.7   8.77   2.367
4157.857  4158.381     55.6  10.04   1.722
4158.266  4158.790     85.5  16.59   3.934  4158.792 	Fe__1
4158.649  4159.173     76.3  12.02   2.481
4159.131  4159.656     28.7  10.26   2.986
4159.344  4159.868     57.9   6.17   1.738
4159.791  4160.316     80.5   7.86   2.070
4160.028  4160.553     28.7   5.76   2.078
4160.263  4160.788     12.5   9.50   1.976
4160.672  4161.197    167.3  14.81   4.719  4161.213 	Zr__2
4160.983  4161.508    161.7  12.74   3.353  4161.529 	Ti__2
4162.118  4162.642     39.5  12.00   2.634
4162.908  4163.433     87.4   6.62   0.975
4163.103  4163.628    109.0   8.99   2.810  4163.644 	Ti__2
4163.689  4164.214     90.8  15.35   3.459
4164.177  4164.702     94.8  11.77   3.775
4164.584  4165.109     84.2   4.18   0.908
4164.898  4165.423    132.3  13.89   4.161
4165.529  4166.054     28.8   7.55   1.376
4165.775  4166.300     30.5   9.97   2.215
4166.289  4166.815    124.4  21.07   4.621
4166.755  4167.281    190.0  10.78   2.754  4167.271 	Mg__1
4167.094  4167.619    162.1  15.11   5.201
4167.358  4167.884    179.9   9.10   3.283
4168.051  4168.577     74.1  11.59   3.380
4168.438  4168.963     60.0   8.50   2.281
4168.761  4169.287     43.6   7.91   1.549
4169.246  4169.771     92.8  11.20   1.985
4169.614  4170.140     53.5   7.36   1.468
4169.981  4170.506     16.0  10.24   2.052
4170.438  4170.964    163.0  10.16   1.499
4171.195  4171.721    124.0   7.14   1.620
4171.485  4172.011    264.9   7.38   4.139
4172.202  4172.728    341.0   0.07   6.954  4172.745 	Fe__1
4172.892  4173.418    258.2   8.25   3.578
4173.465  4173.991    187.6   8.32   2.197
4173.835  4174.361     70.5   6.97   1.241
4174.365  4174.891    171.9   8.55   2.939  4174.913 	Fe__1
4174.618  4175.144     85.4   4.84   1.039
4175.098  4175.624    117.7   8.09   2.796  4175.636 	Fe__1
4175.408  4175.934     68.4   8.02   1.245
4176.004  4176.531    156.1  15.30   3.720
4176.479  4177.005     50.4  11.51   2.974
4177.002  4177.529    326.5   5.17   6.455  4177.529 	Y___2
4177.424  4177.950    152.9  20.64   6.826
4177.944  4178.470    102.7  16.48   4.579
4178.347  4178.874     83.0   7.04   1.232  4178.862 	Fe__2
4178.848  4179.375    247.9  14.11   5.485
4179.513  4180.040     21.4   9.88   2.903
4179.840  4180.367    100.8   6.98   2.112
4180.301  4180.828    156.2   6.48   1.725
4180.633  4181.160     13.4   4.20   1.144
4181.230  4181.758    163.3  24.11   3.247  4181.755 	Fe__1
4181.804  4182.332    142.4   6.73   2.157
4182.258  4182.786     66.4   9.59   2.094
4182.865  4183.393     97.0   8.29   2.387
4183.101  4183.629     30.2   5.82   1.398
4183.481  4184.008     92.1   9.24   2.644
4183.758  4184.286    103.6   5.86   1.244  4184.311 	Ti__2
4184.390  4184.917    118.5  21.34   3.501  4184.892 	Fe__1
4185.179  4185.707     30.4   8.35   1.300
4185.588  4186.116     59.3  10.73   2.032
4186.065  4186.593     99.5   6.26   1.236
4186.533  4187.061    190.4  15.37   3.879  4187.039 	Fe__1
4187.208  4187.736    303.1   8.24   3.595
4188.219  4188.747     90.4  12.63   3.001  4188.731 	Fe__1
4188.453  4188.981     94.0  10.40   3.382
4189.012  4189.540    105.9   6.61   0.828
4189.360  4189.888     41.5   7.86   2.992
4189.626  4190.154     89.1   8.19   1.548
4190.187  4190.715    122.4  13.93   3.408
4190.869  4191.397    227.7   7.16   3.224
4191.154  4191.682    127.8   7.58   1.773  4191.676 	Fe__1
4191.453  4191.981     67.6   9.77   3.400
4191.985  4192.514     59.7  12.37   3.360
4192.406  4192.935     13.8  10.86   2.384
4192.841  4193.370     35.2   5.05   1.696
4193.206  4193.734    123.5  17.01   5.967
4193.738  4194.266     32.4  14.75   3.539
4194.193  4194.722     96.8   7.69   2.638
4194.409  4194.938    124.4  11.00   3.065
4194.835  4195.364    142.3   9.50   2.411
4195.064  4195.593    135.4   7.00   1.760
4195.414  4195.943     48.1   9.71   2.998
4195.712  4196.241    126.0  14.12   3.113
4196.051  4196.580    315.5   6.70   6.409
4196.478  4197.007    246.6  13.18   5.080
4197.127  4197.657     39.2   9.02   1.359
4197.708  4198.238    343.3   0.65   3.288  4198.247 	Fe__1
4198.086  4198.615    166.6   8.56   1.889  4198.634 	Fe__1
4198.582  4199.111    175.9  12.42   3.173  4199.095 	Fe__1
4199.439  4199.968    183.1   5.65   2.007
4199.983  4200.512     53.5   9.23   2.220
4200.188  4200.717    150.3   5.40   2.473
4200.401  4200.931    124.0   6.24   1.950  4200.924 	Fe__1
4201.078  4201.607     50.3  11.22   3.794
4201.499  4202.028    341.1   0.00   5.911  4202.029 	Fe__1
4201.937  4202.467     60.3  10.21   3.238
4202.230  4202.760     76.7   4.30   1.084
4202.431  4202.961     67.7   9.63   2.707
4202.999  4203.529    117.0   7.64   2.215
4203.443  4203.973    127.2   6.75   3.361  4203.985 	Fe__1
4203.700  4204.230     57.9   3.62   0.999
4204.211  4204.741    115.4   6.43   1.887
4204.485  4205.015    208.2   9.04   2.845
4204.951  4205.481    159.9  16.72   6.566
4205.391  4205.921     18.6   6.28   1.590
4205.712  4206.242     14.0   4.21   1.076
4206.141  4206.671    198.9   5.54   2.244
4206.594  4207.124     91.8   5.78   2.789  4207.127 	Fe__1
4206.879  4207.409     69.1   4.69   0.932
4207.280  4207.811     27.7  11.63   2.379
4207.661  4208.192     58.8  12.99   2.860
4208.066  4208.597     95.1   9.97   2.561
4208.424  4208.955     73.4  12.18   2.774  4208.977 	Zr__2
4208.927  4209.457     79.6  12.11   2.684
4209.270  4209.801    120.3  10.43   1.863
4209.815  4210.346    165.6   8.62   2.815  4210.344 	Fe__1
4210.122  4210.653     30.6   3.33   1.276
4210.406  4210.937     89.7   3.50   0.776
4210.755  4211.286     89.2   7.24   2.452
4211.322  4211.853    138.1  16.49   5.042
4211.709  4212.240     39.8   4.82   1.505
4212.134  4212.665     98.4   6.82   1.181
4212.612  4213.143     81.8   7.74   2.153
4213.073  4213.604    142.7   7.46   2.186
4213.398  4213.929     98.3   6.12   2.393
4213.771  4214.302     80.0   5.69   1.746
4214.047  4214.578     97.7   6.78   2.264
4214.352  4214.884     96.4   4.91   1.521
4214.583  4215.114    132.5   8.63   2.740
4214.969  4215.500    339.4   1.89   3.549  4215.519 	Sr__2
4215.341  4215.872    281.3   4.34   2.602
4215.671  4216.203    220.1   6.18   2.402  4216.184 	Fe__1
4216.052  4216.583     28.5  11.97   2.963
4216.685  4217.216     86.8   5.23   0.914
4217.037  4217.569    131.3   6.56   1.924  4217.546 	Fe__1
4217.741  4218.273     59.4  10.20   3.666
4218.190  4218.722     62.0  12.19   2.934
4218.796  4219.328    202.3  10.54   4.954  4219.360 	Fe__1
4219.528  4220.060     52.3   5.88   1.028
4219.790  4220.322    100.4   5.92   1.683  4220.342 	Fe__1
4220.958  4221.490     56.0   1.80   0.721
4221.681  4222.214    155.4   6.83   2.562  4222.213 	Fe__1
4222.087  4222.619     63.8   4.96   2.054
4222.489  4223.021    101.2  16.23   3.786
4222.984  4223.516    108.7  14.14   1.940
4223.664  4224.197    158.0   5.74   1.580  4224.172 	Fe__1
4223.969  4224.501    130.2   4.93   1.447  4224.513 	Fe__1
4224.316  4224.849     87.5   3.43   1.237
4224.831  4225.363    291.8   8.55   4.187
4225.184  4225.717    107.2   9.11   2.050
4225.455  4225.988    189.3   8.84   2.864
4226.082  4226.614    336.9   0.00   4.223
4226.184  4226.717    336.9   0.00   4.339  4226.728 	Ca__1
4226.547  4227.080    332.7   0.00   4.059
4227.175  4227.708    136.8   9.54   3.107
4227.412  4227.945    103.9   6.73   2.331
4227.679  4228.212     48.4   5.89   2.138
4228.180  4228.713     39.1   4.48   1.519
4228.945  4229.478    132.9   4.74   1.049
4229.276  4229.809    195.3   7.07   3.292
4229.714  4230.247     37.1   3.42   1.649
4229.984  4230.517     62.8   6.48   1.427
4230.485  4231.019     86.6  11.80   2.169
4231.105  4231.638     72.5   2.81   0.731
4231.426  4231.960     51.6   5.47   1.724
4231.875  4232.409     67.4   2.95   0.817
4232.253  4232.786    161.7  16.66   6.337
4232.640  4233.173    134.4   8.97   1.431  4233.172 	Fe__2
4233.068  4233.601    175.4   6.72   2.727  4233.603 	Fe__1
4233.464  4233.998    100.4   5.92   1.608
4234.014  4234.547     38.3   6.68   1.743
4234.686  4235.220    182.5   8.93   3.930
4235.301  4235.835    295.9   7.79   3.707
4235.550  4236.084    334.0   2.95   5.449
4235.842  4236.376     34.2  12.80   3.472
4236.275  4236.809     97.8  12.38   2.973
4236.585  4237.119    222.0   7.47   2.715
4237.130  4237.664     67.0   4.40   0.714
4237.465  4237.999    120.7   5.39   2.201  4238.023 	Fe__1
4237.827  4238.361     94.5   2.24   1.065
4238.303  4238.838    190.5  11.04   3.683  4238.810 	Fe__1
4238.821  4239.356     73.8   8.31   2.512
4239.284  4239.818    246.2   4.61   1.936  4239.848 	Fe__1
4239.873  4240.408    129.6   3.90   1.350
4240.164  4240.698     72.7   4.18   1.234
4240.590  4241.125     74.7   5.04   0.977
4241.840  4242.375    152.0  15.43   3.293  4242.364 	Cr__2
4242.121  4242.656    165.2   9.15   3.772
4242.858  4243.393    290.2  13.78   5.707
4243.263  4243.798     61.6   6.96   1.533
4244.751  4245.286    161.4   7.16   2.431  4245.257 	Fe__1
4245.498  4246.033    127.2   9.09   1.690
4246.282  4246.818    178.7   5.11   2.061  4246.822 	Sc__2
4246.875  4247.410    220.3   6.56   2.305  4247.426 	Fe__1
4247.146  4247.682     55.3   7.82   2.139
4247.792  4248.328    251.2  13.11   4.647
4248.159  4248.694     98.6   6.36   1.681
4248.408  4248.943     77.3   4.77   1.006
4249.028  4249.563    148.8   9.01   2.816
4249.588  4250.124    255.5  13.21   4.043  4250.119 	Fe__1
4250.237  4250.773    332.5   4.31   5.060  4250.787 	Fe__1
4250.790  4251.326     26.6   2.20   0.635
4251.149  4251.685     58.6   5.71   1.694
4251.763  4252.299    133.5   5.88   1.438
4252.173  4252.709     59.5   5.16   1.985
4252.462  4252.998     28.9   3.43   1.155
4252.695  4253.231     37.8   6.31   2.222
4253.365  4253.901    109.4  17.76   3.283
4253.796  4254.333    304.6   9.59   4.297  4254.336 	Cr__1
4254.412  4254.948    113.7   4.22   1.061
4254.712  4255.248     59.4   4.72   1.848
4255.022  4255.558    121.0   6.50   2.160
4255.308  4255.845    117.1  11.28   2.719
4255.673  4256.210    229.8  21.32   7.927
4256.264  4256.801     21.4  10.49   2.986
4257.118  4257.655     60.4  14.87   3.081
4257.569  4258.106     98.4   9.00   1.978
4257.773  4258.310    183.3   7.96   2.626
4258.072  4258.608    162.3   9.39   2.976
4258.477  4259.014    125.2   9.95   3.644
4258.734  4259.271     84.5   8.38   2.808
4259.239  4259.776     34.1   5.32   1.387
4259.541  4260.078    244.2   5.35   1.695  4260.081 	Fe__1
4259.875  4260.412    238.3   8.33   3.264
4260.079  4260.616    348.9   1.82   3.730
4260.728  4261.265    106.9   9.86   2.556
4261.075  4261.612    170.6  23.59   8.129
4261.423  4261.961    143.1  19.36   4.251
4261.751  4262.289     37.7  10.07   2.249
4262.132  4262.669     41.8   6.88   0.874
4262.614  4263.151     53.1   9.07   2.227
4263.053  4263.591     23.8   4.50   1.204
4263.416  4263.953     26.1   7.53   2.061
4263.694  4264.231     96.5  10.67   2.123
4264.189  4264.727     75.0   5.26   1.094
4264.716  4265.254     66.9   8.74   2.521
4265.370  4265.907     50.3  10.29   2.603
4266.182  4266.720     46.8   4.06   0.576
4266.405  4266.943     93.1   9.74   2.785
4266.831  4267.369     62.3   6.89   1.736
4267.258  4267.796    173.3   7.90   2.019  4267.827 	Fe__1
4267.511  4268.049    119.3   4.15   1.665
4268.167  4268.705    125.7   5.41   2.153
4268.749  4269.288     47.8   3.89   1.239  4269.277 	Cr__2
4268.999  4269.537     85.8   7.80   2.773
4269.256  4269.795    162.4  11.94   3.835
4269.637  4270.176     85.7   6.60   1.999
4270.113  4270.651     41.8   9.75   2.924
4270.614  4271.152    288.0   8.54   3.463  4271.154 	Fe__1
4271.240  4271.779    341.1   0.00   5.140  4271.761 	Fe__1
4271.884  4272.423    162.3  20.22   5.628
4272.311  4272.849     71.1   4.00   0.523
4272.860  4273.398    163.0  10.40   2.998
4273.308  4273.847    186.9  10.07   2.679
4273.630  4274.168     76.6   5.02   0.701
4274.226  4274.765    332.3   2.01   3.732  4274.797 	Cr__1
4274.801  4275.340    143.6  14.90   3.944
4275.063  4275.602    194.1  11.87   4.502
4275.885  4276.424     28.2   7.69   2.982
4276.144  4276.683     73.7   7.49   2.288
4276.432  4276.972     42.3   6.21   2.228
4276.908  4277.447    128.9  21.93   5.482
4277.661  4278.201     81.0  13.76   2.551
4278.291  4278.830     47.2   3.11   0.629
4278.499  4279.039     25.9   9.31   1.882
4278.972  4279.511     67.0  14.54   2.840
4279.319  4279.859    317.8   8.75   7.383
4279.829  4280.368    347.6   1.75   8.799
4280.475  4281.015    165.8  20.37   4.872
4280.826  4281.366     37.7  11.88   4.070
4281.444  4281.984     65.3   9.14   1.838
4281.885  4282.425    173.6   7.02   2.757  4282.403 	Fe__1
4282.170  4282.710    110.7   9.46   2.374
4282.443  4282.982    138.4  11.40   3.136  4283.011 	Ca__1
4283.618  4284.158    126.9  13.86   5.724  4284.188 	Cr__2
4283.865  4284.405     73.4   7.69   2.876
4284.188  4284.728     71.7   8.23   2.904
4284.429  4284.969    105.2   7.78   2.661
4284.907  4285.447    157.5   6.18   1.447  4285.442 	Fe__1
4285.289  4285.829    115.1   6.22   2.310
4285.522  4286.063    212.6   9.52   4.163
4285.949  4286.489    128.8   7.27   1.247
4286.407  4286.947    142.9  13.15   1.303
4286.873  4287.414     74.2  18.84   4.103
4287.382  4287.922    147.2   7.65   1.949
4287.584  4288.125     87.5  10.12   2.543
4288.197  4288.737     79.4   7.04   1.171
4288.486  4289.026    172.8   2.83   0.879
4288.833  4289.374    157.7   8.38   3.011  4289.367 	Ca__1
4289.240  4289.781    326.4   6.81   3.870
4289.724  4290.265    227.9  12.43   3.673
4290.492  4291.033    321.7   6.37   3.566
4290.920  4291.461    122.0  11.12   4.245
4291.591  4292.132    299.1  10.27   5.384
4292.543  4293.085    120.4  10.92   1.024
4293.289  4293.830     62.5   9.12   2.149
4293.584  4294.125    264.9   9.45   3.572  4294.125 	Fe__1
4294.231  4294.773    106.9  10.02   2.008  4294.767 	Sc__2
4294.575  4295.116    212.7  14.89   5.680
4295.252  4295.793    115.1  12.21   2.962
4295.564  4296.106     69.8   7.90   2.404
4296.117  4296.659    175.4   9.12   2.563
4296.431  4296.973    129.1   6.00   1.456
4296.695  4297.237    125.2   6.14   1.193
4297.184  4297.726     90.2  11.39   1.471
4297.508  4298.049    165.0   8.86   3.088
4298.032  4298.574     23.5   7.85   2.805
4298.424  4298.966    357.7   0.00   3.298  4298.988 	Ca__1
4298.796  4299.338    271.0   9.31   4.892
4299.149  4299.691    227.6  14.83   4.827
4299.578  4300.120    344.2   0.61   5.809
4300.110  4300.652    347.9   3.24   6.585
4300.536  4301.078    236.2   9.36   2.906  4301.079 	Ti__1
4301.321  4301.863    208.6  11.68   3.941
4301.684  4302.226    167.9   7.92   1.729
4302.157  4302.699    349.2   0.09   5.474
4302.595  4303.137    177.7  11.14   2.898
4302.853  4303.395     80.8   4.35   1.766
4303.067  4303.610    146.8   6.17   1.882
4303.302  4303.844    182.6   7.45   2.573
4303.771  4304.313    136.0  12.45   4.291
4304.029  4304.572    172.1  10.06   3.287
4304.276  4304.818     95.9   8.88   2.615
4304.620  4305.163    166.5   8.32   2.350
4304.871  4305.414    199.6  10.14   2.936  4305.443 	Sr__2
4305.387  4305.930    353.5   0.00   4.791  4305.908 	Ti__1
4305.755  4306.298     13.6   9.91   3.082
4306.205  4306.748    288.2   9.10   3.965
4306.739  4307.282    168.3  14.35   4.467
4307.380  4307.923    349.4   0.00   3.773  4307.902 	Fe__1
4308.000  4308.543    193.5  10.50   2.292
4308.475  4309.018    300.4   9.37   4.199
4308.851  4309.394    187.2   8.00   2.306  4309.374 	Fe__1
4309.189  4309.732    314.9   6.65   3.922
4309.580  4310.123    174.0  13.93   3.461
4310.010  4310.554    343.9   5.51   6.799
4310.491  4311.034    298.6  14.04   7.025
4310.919  4311.463    213.3  11.65   3.982
4311.157  4311.700    131.8  11.27   2.271
4311.614  4312.157    238.2  13.39   4.740
4311.837  4312.380     52.5  11.62   2.952  4312.354 	V___2
4312.236  4312.780    345.2   0.01   5.687
4313.067  4313.611     96.8   3.55   0.522
4313.644  4314.188    290.3   9.06   4.080
4314.373  4314.917    339.6   3.10   3.573
4314.528  4315.072    148.1  11.79   2.286  4315.085 	Fe__1
4316.263  4316.807     57.6  11.78   2.161  4316.794 	Ti__2
4316.784  4317.328     31.2  10.80   1.897
4318.122  4318.666    141.7   7.35   2.815  4318.652 	Ca__1
4318.354  4318.898     31.3   6.44   1.646
4319.945  4320.490     67.9   5.48   1.466
4320.186  4320.730    135.1   5.54   2.302  4320.732 	Sc__2
4320.394  4320.938     98.0   5.09   2.131  4320.950 	Ti__2
4321.183  4321.728    111.8  10.51   3.330
4321.960  4322.505     30.1   8.76   1.998
4322.756  4323.301    357.7   0.00   6.888
4323.394  4323.939    346.4   2.53   8.543
4323.833  4324.379    100.0  13.69   2.474
4324.461  4325.006    349.1   0.17   6.593  4324.996 	Sc__2
4325.183  4325.728    345.2   0.00   4.727
4325.775  4326.320    132.7  14.13   3.664
4326.237  4326.782    133.8  12.44   3.144
4326.531  4327.077    145.2  10.11   3.761  4327.096 	Fe__1
4327.364  4327.910    124.3   9.66   2.128
4328.454  4329.000     35.0   2.02   0.792
4328.777  4329.323     45.7   3.83   1.590
4329.457  4330.003     98.8   4.79   1.407
4329.728  4330.274     73.0  12.57   3.410
4330.176  4330.722    124.0   4.23   0.878  4330.698 	Ti__2
4330.409  4330.955     77.8   2.78   0.900
4331.088  4331.634     94.0  11.73   2.837
4331.997  4332.543     64.6   7.44   2.620
4332.292  4332.838    126.8   5.21   1.293
4332.662  4333.209     21.4   1.76   0.871
4333.255  4333.801    143.8  10.84   3.565
4333.543  4334.089     74.8   8.70   2.709
4334.281  4334.827     76.0   8.60   1.851
4334.728  4335.275     26.0   3.74   0.747
4336.556  4337.103    312.9  13.64   5.906
4336.993  4337.539    158.6  12.02   2.622
4337.340  4337.887    176.5   9.34   2.977  4337.914 	Ti__2
4337.723  4338.270    125.6  10.44   2.103
4338.166  4338.713    125.3  14.86   3.801
4338.631  4339.178     71.9  13.12   4.007
4338.896  4339.443    173.5   7.43   2.548
4339.147  4339.695    159.0   4.36   1.409
4339.463  4340.010     37.6  10.29   3.165
4339.898  4340.445    345.2   0.00   5.415
4340.437  4340.984    139.7  14.20   2.827
4340.788  4341.335    171.4  11.45   2.658  4341.356 	Ti__2
4341.256  4341.803     63.2   9.33   2.356
4341.608  4342.156     68.7   7.29   2.103
4342.681  4343.228    160.7  11.49   1.893
4343.130  4343.678    114.0  12.33   2.498
4343.397  4343.944     54.0   2.73   0.570
4343.743  4344.291    103.7   6.27   1.972  4344.281 	Ti__2
4343.951  4344.498    137.2   5.32   2.356  4344.501 	Cr__1
4344.341  4344.889     42.9   3.72   1.717
4345.334  4345.882     36.9   4.57   0.637
4345.748  4346.296     57.9   4.59   1.039
4346.013  4346.561    106.1   3.39   1.118
4346.274  4346.822     62.8   3.48   0.833
4346.691  4347.239     91.6   8.67   3.492
4346.998  4347.546     51.5   4.56   0.922
4347.326  4347.874    170.9  10.16   2.983
4347.783  4348.332     56.4   2.66   1.034
4348.400  4348.948     77.9  10.87   2.343
4349.239  4349.788     20.7   7.50   1.742
4349.644  4350.192     36.0   4.31   0.878
4350.029  4350.578     57.5   8.38   2.920
4350.251  4350.799     92.8   5.26   1.569
4350.499  4351.047    136.9  11.16   2.498
4350.993  4351.542    125.8  11.04   1.957
4351.334  4351.883    335.6   2.57   3.799  4351.906 	Mg__1
4351.687  4352.236     68.7  10.50   2.255
4352.220  4352.769    277.3  11.18   4.347
4352.486  4353.035     31.5   6.23   2.193
4352.934  4353.483     36.4   2.79   0.941
4353.407  4353.956     34.8   4.80   1.180
4353.866  4354.415     55.0  14.74   1.970
4354.035  4354.584    136.1  16.93   1.456  4354.598 	Sc__2
4354.515  4355.064    104.5   5.01   1.897
4354.797  4355.346     42.1   3.13   0.692
4355.145  4355.694     55.1   3.39   0.709
4355.401  4355.950    123.5   3.97   1.034
4355.781  4356.330     58.6   4.07   1.076
4356.085  4356.634     64.4   6.01   2.105
4356.950  4357.499     29.5   4.59   0.862
4357.369  4357.919     31.4   3.58   0.732
4357.609  4358.158     61.1   4.76   1.960
4357.984  4358.533    139.2   6.95   2.518
4358.220  4358.769    168.8  14.14   4.741
4358.822  4359.372     53.2   7.31   1.834
4359.065  4359.614    238.6   5.30   2.222
4359.327  4359.877     18.5   4.86   1.581
4359.846  4360.396     92.3  16.71   5.680
4360.226  4360.776     76.3   5.73   1.792
4360.709  4361.259     10.8   2.99   0.646
4361.518  4362.068     56.5   4.83   1.642
4361.990  4362.540     55.7  10.34   1.823
4362.575  4363.125    102.7  16.33   3.636
4362.965  4363.515     58.7  10.50   2.109
4363.559  4364.109    101.8  10.65   4.004
4364.102  4364.653     21.2  11.07   2.587
4364.957  4365.508     13.7  10.02   1.931
4365.351  4365.901     57.4  10.93   3.201
4366.002  4366.552    124.7  21.31   5.817
4366.731  4367.282     29.0   3.44   0.757
4367.063  4367.614    197.8   6.66   2.028
4367.404  4367.955    187.9  10.67   4.373
4367.709  4368.259     67.9   8.55   2.249
4368.083  4368.633     35.1  10.00   2.768
4368.888  4369.439     67.4   6.17   1.711  4369.411 	Fe__2
4369.217  4369.767    169.7   5.86   1.583  4369.772 	Fe__1
4369.583  4370.134     37.6   6.64   1.848
4370.474  4371.025    143.3   5.03   1.666
4370.739  4371.290    164.9   8.66   2.386
4371.789  4372.340     55.1   4.28   1.490
4372.264  4372.815    100.6  13.89   2.958
4372.705  4373.256     71.7   7.57   2.916
4373.020  4373.572     96.7   3.69   1.148
4373.260  4373.811     73.3   2.83   0.971
4373.631  4374.183    114.5   3.41   1.055
4373.913  4374.464    136.8   4.60   2.320  4374.457 	Sc__2
4374.367  4374.918    206.8  10.33   2.975  4374.935 	Y___2
4374.695  4375.247     89.1  14.47   4.113
4375.027  4375.578    118.0  12.68   3.126
4375.376  4375.928    191.9   8.27   3.309  4375.930 	Fe__1
4376.227  4376.779     68.4   7.02   2.067
4376.718  4377.270    104.3   6.22   1.876
4377.238  4377.790     45.2  10.82   2.194
4377.701  4378.253     73.7   5.84   0.656
4378.378  4378.930     34.3   9.58   1.551
4378.675  4379.227    136.2  11.53   3.986
4379.208  4379.760     34.4   5.34   1.773
4379.514  4380.066     69.6   4.99   1.111
4379.929  4380.482     54.5   5.96   1.556
4380.188  4380.741    110.3   6.87   1.963
4380.513  4381.066     54.0   5.30   1.462
4381.363  4381.916     31.5   4.51   1.811
4381.616  4382.169     58.3   4.83   1.120
4382.196  4382.749    199.5  18.63   4.172
4382.808  4383.360    361.9   0.00   4.298
4383.191  4383.744    357.7   0.00   4.487
4383.746  4384.298    128.8  15.48   3.601  4384.319 	Fe__2
4384.125  4384.678    299.2   9.96   5.417
4384.604  4385.157    365.7   0.19   5.988
4384.944  4385.497     20.0   9.23   2.922
4385.097  4385.649     51.9   9.87   1.352
4385.501  4386.054     29.7   4.28   0.878
4386.096  4386.649     34.3   3.90   1.105
4386.281  4386.834     79.1   4.30   1.003  4386.846 	Ti__2
4386.481  4387.034     61.8   1.94   0.621
4386.921  4387.474    121.0  11.02   3.417
4387.362  4387.915     99.9   9.62   2.706
4387.860  4388.413    105.3   4.88   2.341  4388.407 	Fe__1
4388.253  4388.806     58.8   7.00   2.074
4388.690  4389.243    114.3  11.23   3.964
4389.078  4389.631     63.8  10.35   2.702
4389.388  4389.942    187.1  11.31   3.936
4389.949  4390.503    121.0  11.07   2.713
4390.418  4390.971    177.4   3.61   1.190
4391.169  4391.723    221.1  13.69   4.028
4391.490  4392.044     55.2   5.63   1.570
4392.028  4392.581     37.1   7.53   1.974
4392.439  4392.993     42.5   3.48   0.847
4392.742  4393.296     67.9   3.54   0.962
4392.988  4393.542     74.1   9.52   2.385
4393.457  4394.011    145.0  15.30   4.571
4394.504  4395.058    360.5   0.80   6.240  4395.031 	Ti__2
4394.927  4395.481     84.0   6.47   1.548
4395.293  4395.847     86.7   7.68   2.491  4395.839 	Ti__2
4395.775  4396.329     39.4   3.55   0.791
4396.406  4396.960     33.5   6.33   1.489
4396.688  4397.243     33.5   3.38   0.596
4397.469  4398.023     79.3   7.79   2.445  4398.013 	Y___2
4397.740  4398.294     54.8   6.12   1.067  4398.292 	Ti__2
4398.217  4398.772     38.8   8.34   1.949
4398.676  4399.231     47.4   4.54   0.987
4399.176  4399.730    172.1  11.03   3.546
4399.925  4400.479    251.8  12.07   5.801
4400.350  4400.905     96.9  16.13   5.284
4400.857  4401.412    313.7   8.32   4.878
4402.606  4403.161     84.3   4.83   1.384
4402.827  4403.383     84.4   6.85   2.232
4403.412  4403.967     50.6  10.73   0.872
4403.554  4404.109     70.3  11.09   2.301
4404.072  4404.627    361.9   0.00   3.890
4404.321  4404.876    353.5   0.01   3.873
4404.746  4405.301     78.9  15.67   4.056
4405.137  4405.693     69.4   8.15   1.498
4405.541  4406.097     49.6   5.02   1.341
4406.069  4406.624    148.9   6.05   2.069
4406.685  4407.241     48.8   5.73   1.306
4407.118  4407.673    182.7   7.01   2.706  4407.672 	Ti__2
4407.667  4408.223    144.2   4.99   1.945
4407.903  4408.459    203.0   7.77   2.731
4408.266  4408.822     78.3   8.13   2.471
4408.638  4409.194    138.1  12.21   3.850
4408.919  4409.474     81.2  10.40   3.218
4409.530  4410.086     32.2   7.65   1.655
4409.976  4410.532     65.0   3.83   1.410
4410.519  4411.075     87.4   3.70   0.805  4411.072 	Ti__2
4411.373  4411.929     82.1   4.59   1.227  4411.929 	Ti__2
4411.658  4412.214     96.6   4.47   1.540
4413.056  4413.612     41.8   2.66   0.780  4413.601 	Fe__2
4413.273  4413.829     50.3   3.58   0.853
4413.623  4414.179     45.5   4.85   1.561
4413.964  4414.521     62.1   7.01   1.830
4414.461  4415.017    337.1   4.87   3.345
4414.632  4415.188    292.0   9.57   3.822
4414.978  4415.534    160.4   9.99   2.136  4415.557 	Sc__2
4415.917  4416.474    111.6   5.33   1.365
4416.272  4416.829    115.2   4.10   0.936  4416.830 	Fe__2
4416.756  4417.312     95.4   6.21   1.597
4417.146  4417.703    136.0   6.59   1.832  4417.714 	Ti__2
4417.802  4418.359    124.9   3.09   1.739  4418.331 	Ti__2
4418.224  4418.781     44.0   2.22   0.582
4418.435  4418.992     33.8   3.26   1.640
4419.332  4419.889     51.2   6.69   2.074
4419.735  4420.292     41.1   5.83   1.462
4419.985  4420.542     82.0  11.29   4.383
4420.612  4421.169     36.5   8.05   1.937
4421.014  4421.572    110.2  13.67   2.158
4421.410  4421.967     96.3   9.32   2.106  4421.938 	Ti__2
4421.990  4422.548    163.7   8.07   1.890  4422.568 	Fe__1
4422.318  4422.875    118.7  10.09   3.703
4422.618  4423.175    159.5  10.09   2.929
4423.278  4423.836     69.8   5.84   1.477
4423.711  4424.269    140.1  13.86   3.642
4424.002  4424.560     35.3   4.45   0.983
4424.891  4425.449    147.6   6.99   2.699  4425.437 	Ca__1
4425.161  4425.719    112.8   7.85   2.342
4425.437  4425.995    128.1   5.87   1.906
4426.655  4427.213    283.3   8.69   3.727
4426.796  4427.354    158.4  11.64   3.446
4427.318  4427.876     49.0   2.43   0.607
4427.964  4428.523    109.2   3.28   1.615
4428.665  4429.223     81.4   4.69   1.420
4429.344  4429.902    226.7   9.37   3.727
4429.621  4430.180    136.0  13.49   2.592
4429.994  4430.553    325.6  12.65   7.782
4430.469  4431.028     17.4   4.57   1.269
4430.781  4431.339     86.9   3.65   0.781
4431.281  4431.840     41.3   4.11   1.565
4431.567  4432.126     89.3   2.62   0.431  4432.109 	Ti__2
4432.015  4432.573     67.1   7.70   2.609
4432.684  4433.243    136.7   8.56   2.666  4433.219 	Fe__1
4433.321  4433.880    227.6  11.52   5.228
4433.816  4434.375     96.2   4.88   1.223
4434.493  4435.052    307.0   8.06   2.747
4435.069  4435.628    206.0   9.92   2.685
4435.582  4436.141     94.2   3.15   1.208
4435.788  4436.347     96.9   2.36   1.104
4436.056  4436.616     37.4   1.88   0.800
4436.381  4436.941    101.1   6.51   2.395
4437.041  4437.601     58.3   4.93   1.236
4437.252  4437.812    104.6   4.25   1.569
4437.762  4438.322     86.5   3.89   1.359
4438.605  4439.165     20.8   4.39   1.073
4439.075  4439.634     35.4   6.01   1.835
4439.323  4439.883     73.8   7.22   2.337
4439.860  4440.420    117.7   6.67   2.673
4440.283  4440.842     82.6   3.36   1.234
4440.475  4441.035     86.8   6.74   1.564
4441.124  4441.684    159.4  10.19   2.568
4441.788  4442.348    217.8   7.80   2.450  4442.339 	Fe__1
4442.307  4442.867    127.4  11.23   4.159
4442.613  4443.173    142.7  10.09   3.264  4443.194 	Fe__1
4443.244  4443.804    172.1   5.86   2.035  4443.801 	Ti__2
4443.663  4444.224    120.3   6.21   1.493
4444.007  4444.567    119.2   8.82   1.865  4444.555 	Ti__2
4444.912  4445.472     97.0   5.84   2.801
4445.160  4445.720     12.6   2.35   0.500
4445.820  4446.380     52.5   2.23   0.740
4446.293  4446.854     99.2   5.98   2.110
4446.572  4447.133     97.4   5.93   2.015
4447.165  4447.725    196.7   7.60   2.314  4447.717 	Fe__1
4448.592  4449.153     97.7  10.40   2.068
4449.159  4449.720     47.8   7.34   1.245
4449.849  4450.410    217.1  12.87   5.477
4450.275  4450.836    131.5  10.51   3.574
4451.026  4451.587    113.6   6.01   1.790  4451.586 	Mn__1
4451.445  4452.006     81.4   3.86   0.873
4452.124  4452.685     93.5  10.93   3.545
4452.423  4452.985     86.9   6.51   1.767
4452.751  4453.312     99.5   5.03   2.151
4453.145  4453.706     83.8   2.97   0.703
4453.831  4454.393    123.7   8.40   2.270  4454.381 	Fe__1
4454.177  4454.739    223.4   6.28   2.644
4454.439  4455.001    126.0   4.59   1.249
4454.747  4455.308    114.9   4.70   1.750
4455.301  4455.863    168.9   6.69   2.572  4455.887 	Ca__1
4455.788  4456.350    107.2   3.17   1.205
4456.049  4456.610    102.3   4.29   1.847
4456.477  4457.039     67.3   3.41   1.005
4456.918  4457.480    178.7   6.03   2.165
4457.605  4458.167    173.2  13.11   6.176
4457.960  4458.523     77.6   4.15   1.207
4458.534  4459.096    222.5   6.34   2.722  4459.118 	Fe__1
4458.773  4459.336    105.6   3.83   0.872
4459.190  4459.752    121.7   4.86   2.412
4459.719  4460.281    188.4   4.22   1.852
4460.222  4460.785     19.8   5.34   1.168
4460.671  4461.233    328.2  13.41   8.405
4461.087  4461.650    200.6  11.12   3.465  4461.653 	Fe__1
4461.489  4462.051    220.5  10.86   4.413
4461.837  4462.400    142.3   7.74   2.017
4462.173  4462.736     34.7   3.69   0.776
4462.467  4463.030     95.2  11.83   4.328
4462.873  4463.436    107.6  10.11   3.253
4463.886  4464.448    111.2   3.74   1.892  4464.449 	Ti__2
4464.169  4464.731    175.0   9.50   2.432
4464.520  4465.082     58.5   8.43   2.272
4464.782  4465.345     50.0   3.68   0.751
4465.239  4465.802     70.7   6.87   1.794
4465.976  4466.539    202.3   9.43   3.251  4466.552 	Fe__1
4466.340  4466.903    102.9   4.01   1.385
4466.772  4467.335     40.1   2.59   0.555
4466.978  4467.541     37.0   2.11   1.017
4467.303  4467.866     31.3   5.03   1.847
4467.941  4468.504    177.2   8.44   1.858  4468.507 	Ti__2
4468.608  4469.171    106.9   3.38   1.234  4469.150 	Ti__2
4468.846  4469.410    175.2   8.26   3.571  4469.376 	Fe__1
4469.078  4469.641    104.6  10.50   3.339
4469.562  4470.125     73.6   4.90   2.266
4469.918  4470.482     91.1   4.61   1.939
4470.291  4470.854    100.7   4.35   1.730  4470.853 	Ti__2
4470.693  4471.256     81.5   8.30   1.930
4471.091  4471.655    121.6  10.80   1.979
4471.919  4472.483     24.1   4.32   1.215
4472.269  4472.833    257.9  12.89   5.943
4473.245  4473.809     19.1   1.56   0.455
4473.478  4474.042     14.7   1.76   0.436
4473.964  4474.528     31.2   4.37   1.164
4474.242  4474.806     99.6   5.26   1.868
4474.722  4475.286     37.5   1.55   0.546
4475.478  4476.042    177.8   5.04   2.448  4476.019 	Fe__1
4476.501  4477.066     16.9   1.92   0.497
4476.891  4477.455      7.9   2.68   0.916
4477.451  4478.016     52.4   4.58   1.352
4477.756  4478.320     20.9   2.43   0.496
4478.074  4478.638     27.7   2.22   0.786
4478.815  4479.380     54.6   1.51   0.587
4479.079  4479.644    131.2   3.52   0.950
4479.544  4480.109    209.6  23.20   7.606
4480.022  4480.587     62.1   3.80   1.095
4480.263  4480.827     45.0   5.15   0.883
4480.677  4481.242    137.9  13.06   3.472
4481.043  4481.608     79.4   4.05   1.177
4481.651  4482.216    248.8   9.62   3.478
4482.175  4482.740    137.4   6.14   2.062
4483.282  4483.847     62.3   4.46   1.925
4483.654  4484.219    109.1   4.77   1.952  4484.220 	Fe__1
4483.945  4484.511     18.1   2.60   0.537
4485.105  4485.670     96.4   4.87   1.738
4485.405  4485.971     40.2   3.84   1.122
4486.354  4486.920     64.1   2.39   0.991
4486.746  4487.311     34.4   4.26   1.417
4487.180  4487.746     43.4   2.05   0.497
4487.540  4488.106    109.0   2.70   0.774
4487.739  4488.305     78.9   1.98   0.682  4488.325 	Ti__2
4488.342  4488.908     94.3   2.91   1.229
4488.562  4489.128    139.1   2.82   0.575
4488.902  4489.468     39.8   2.79   0.614
4489.170  4489.736    152.4   9.48   3.504
4489.517  4490.083    119.6   8.70   2.328
4490.189  4490.755    127.8  12.13   2.476
4490.843  4491.409     92.5   2.48   1.219  4491.405 	Fe__2
4491.093  4491.659     46.7   5.00   0.966
4491.748  4492.315     40.4   5.94   1.146
4492.088  4492.655     63.0   5.84   1.647
4492.927  4493.494     82.6   5.64   2.111  4493.523 	Ti__2
4493.479  4494.045    116.1  16.08   3.590
4493.975  4494.541    262.4  12.43   3.406  4494.563 	Fe__1
4494.420  4494.986     37.7   4.34   0.791
4494.896  4495.463    120.5  14.12   4.753
4495.402  4495.969     87.2   2.63   0.929
4495.622  4496.188    141.1   4.53   1.171
4495.912  4496.478     32.9   5.30   1.763
4496.319  4496.886    180.6   4.54   1.704
4497.109  4497.676     69.5   4.80   1.090
4498.291  4498.858    101.5  12.84   3.812
4498.564  4499.131     59.8   3.48   1.000
4498.890  4499.457     14.6   2.84   0.687
4499.744  4500.311     97.2   1.53   0.346
4500.064  4500.632     24.3   1.66   0.684
4500.673  4501.240    219.6  14.38   4.513  4501.270 	Ti__2
4501.211  4501.778     89.6   7.83   1.446
4501.640  4502.208     87.1   5.80   1.548
4502.013  4502.581     48.3   4.01   0.898
4503.214  4503.781     28.6   4.62   1.268
4504.241  4504.809     85.7   2.58   0.726
4505.187  4505.755     11.9   2.59   0.932
4505.743  4506.311     28.5   1.79   0.575
4506.127  4506.695     61.5  10.24   3.360
4506.625  4507.194     37.5   4.60   0.868
4507.273  4507.841     17.5   5.28   1.057
4507.709  4508.278    100.2   5.92   1.471  4508.288 	Fe__2
4508.123  4508.692     28.0   3.60   0.830
4508.737  4509.305     57.5   7.98   2.441
4509.165  4509.734     54.3   3.05   1.128
4509.575  4510.144     15.1   2.25   0.691
4510.274  4510.843     24.5   3.72   0.876
4510.551  4511.120     24.6   1.82   0.604
4511.032  4511.601      5.1   2.04   0.618
4511.301  4511.870     77.9   1.75   0.752
4511.701  4512.270     42.4   2.74   1.088
4512.164  4512.732    108.1   4.26   2.419
4512.414  4512.983     31.2   3.03   0.895
4512.829  4513.398     43.6   4.89   1.346
4513.130  4513.699     41.3   3.56   0.993
4513.624  4514.193     95.1   2.66   1.193
4513.878  4514.447    118.7   2.79   0.887
4514.168  4514.737      5.9   1.46   0.478
4514.754  4515.323    136.1  17.56   3.758  4515.339 	Fe__2
4515.284  4515.853     13.4   1.38   0.533
4515.746  4516.315     62.1   2.76   0.940
4516.091  4516.660     20.9   2.13   0.358
4516.561  4517.130     65.0   2.47   0.637
4516.975  4517.544    112.0   3.56   1.224
4517.451  4518.021    111.4   5.18   2.247
4517.793  4518.363    109.2   3.72   1.146  4518.332 	Ti__2
4518.059  4518.628    106.6   5.79   1.989
4519.050  4519.619     31.5   1.50   0.469
4519.416  4519.986     80.1   2.86   1.051
4519.652  4520.222     96.7   2.39   1.075  4520.224 	Fe__2
4519.921  4520.491     19.7   1.87   0.575
4520.548  4521.118     10.6   1.96   0.500
4522.100  4522.670    311.4  12.36   4.800
4522.489  4523.059     66.8   3.49   0.820
4522.829  4523.399     64.8   2.38   0.959
4523.349  4523.919     43.2   1.37   0.650
4523.596  4524.167     20.4   2.60   0.606
4524.136  4524.706     64.7  11.18   1.935  4524.679 	Ti__2
4524.573  4525.144    167.1  15.40   2.909  4525.137 	Fe__1
4525.296  4525.867     57.4   1.31   0.613
4525.525  4526.096     49.2   2.07   0.315
4525.901  4526.472    200.6   4.80   1.423
4526.346  4526.916    103.9   4.64   1.785  4526.928 	Ca__1
4526.784  4527.355    177.7   5.77   2.224
4527.231  4527.802     64.0   4.63   1.377
4527.751  4528.322     39.6   6.73   2.159
4528.013  4528.584    273.7   5.76   2.623  4528.614 	Fe__1
4528.131  4528.702    281.9   5.73   2.275
4528.386  4528.957     25.0   2.79   1.166
4528.992  4529.564    219.7   6.60   2.555
4529.245  4529.816     63.6   5.77   1.660
4530.159  4530.730    140.6   5.74   1.727
4530.491  4531.062    309.6   7.07   3.713
4531.048  4531.620     98.7   3.58   1.548
4532.425  4532.996    105.4   2.76   0.730
4532.662  4533.234    144.5   4.64   2.506  4533.241 	Ti__1
4533.452  4534.023    244.2  11.77   5.382
4534.199  4534.771    136.7   7.75   2.717  4534.776 	Ti__1
4534.573  4535.144     59.8   4.35   1.470
4534.783  4535.355     20.9   5.37   1.760
4535.231  4535.803    378.5   0.01   2.965
4535.909  4536.481     34.7   3.14   0.485
4536.600  4537.172      7.5   2.07   0.337
4537.105  4537.677     34.1   4.21   1.217
4537.353  4537.925     27.5   2.23   0.538
4538.210  4538.783    124.7   7.62   1.276
4538.641  4539.213     13.6   3.38   0.763
4539.169  4539.741    101.2   4.28   1.607
4539.907  4540.479     98.7   2.25   0.803
4540.144  4540.717     98.7   4.47   1.281
4540.493  4541.066     58.8   9.37   1.206
4540.929  4541.502     88.2  12.53   1.869  4541.524 	Fe__2
4541.405  4541.978     28.5   2.18   0.643
4541.857  4542.429     80.4   3.40   0.871
4542.073  4542.646     80.1   2.33   0.427
4543.384  4543.957    117.8  15.40   4.008
4544.081  4544.654    159.5   6.34   2.012
4544.555  4545.128     96.4   7.01   1.535  4545.134 	Ti__2
4544.781  4545.354     83.8   1.41   0.481
4545.379  4545.953    121.8   5.13   2.395
4545.920  4546.493      7.3   3.58   0.616
4546.411  4546.984    144.1   3.30   1.442
4546.649  4547.222     61.7   3.57   0.834
4547.272  4547.845    103.7   5.02   2.444
4547.537  4548.111      6.6   2.00   0.290
4548.192  4548.765    113.1   4.38   2.490
4548.714  4549.287     61.4   5.69   1.801
4549.055  4549.628    360.4   3.49   3.314  4549.622 	Ti__2
4549.536  4550.109     31.2   4.28   0.483
4550.197  4550.771     80.2   3.12   1.178
4550.679  4551.253     53.6   2.31   0.555
4551.080  4551.653     48.1   4.18   1.401
4551.654  4552.228     83.7  10.31   3.851
4551.902  4552.476    215.4  10.10   2.946
4552.554  4553.128     37.6   2.70   0.805
4553.461  4554.036    235.0   9.23   2.845  4554.029 	Ba__2
4553.892  4554.466     99.4   3.14   0.713
4554.445  4555.019     82.3   6.59   1.476  4554.988 	Cr__2
4554.909  4555.483    106.6   4.47   2.263
4555.309  4555.884    107.3   3.80   1.101  4555.893 	Fe__2
4555.552  4556.126    128.8   4.62   1.980  4556.126 	Fe__1
4556.338  4556.912     52.2   3.37   0.887
4556.707  4557.282     37.3   2.22   0.302
4557.248  4557.822     13.5   2.12   0.428
4557.549  4558.123     59.2   2.21   0.742
4558.056  4558.630     97.7   7.79   1.602  4558.650 	Cr__2
4559.471  4560.046    108.1  17.65   4.286
4560.322  4560.897     53.8   7.27   1.391
4560.836  4561.411     49.1   5.03   1.312
4561.784  4562.359     56.1   4.01   1.050
4562.051  4562.626     59.3   4.82   1.751
4562.679  4563.254     45.6   9.13   2.462
4563.192  4563.768    176.6   6.44   1.778  4563.757 	Ti__2
4563.612  4564.188     27.3   3.95   0.685
4564.150  4564.726    129.4  15.95   4.514
4564.941  4565.516    352.9   7.48   4.959
4565.638  4566.213     30.3   4.39   1.271
4565.950  4566.526     73.4   3.88   1.372
4566.329  4566.904     93.0   4.61   1.947
4567.757  4568.333     67.2   4.39   1.024  4568.324 	Ti__2
4568.214  4568.790    124.7   8.16   1.608
4569.005  4569.581     74.6   2.54   0.908
4569.427  4570.003      7.4   3.70   0.848
4570.510  4571.086    174.8   7.45   3.191
4570.854  4571.431     50.7   1.98   0.846
4571.128  4571.704     99.4   4.43   1.799
4571.388  4571.965    181.1   6.45   2.000  4571.971 	Ti__2
4571.680  4572.257     59.9   3.80   1.052
4572.274  4572.851     37.9   1.79   0.433
4573.635  4574.211     65.9   3.39   1.506
4574.162  4574.739    107.8   8.01   1.369
4574.324  4574.900     46.6   7.19   1.120
4574.940  4575.517     45.7   1.64   0.279
4575.206  4575.783     37.9   2.55   0.842
4575.766  4576.343     84.8   6.61   1.467  4576.340 	Fe__2
4576.593  4577.170    100.7   4.05   1.899
4577.118  4577.695     24.7   2.81   1.117
4577.393  4577.970      6.4   3.00   0.823
4577.992  4578.569    109.5   8.63   2.501  4578.551 	Ca__1
4578.443  4579.021     40.8   7.07   1.942
4578.740  4579.317     65.9   3.85   0.900
4579.229  4579.807     68.2   3.31   0.807
4579.500  4580.077    158.5   5.05   1.829  4580.063 	Fe__2
4579.896  4580.473    189.1  12.52   5.364
4580.626  4581.203     41.0   2.97   1.023
4580.918  4581.496    265.4   4.48   1.590
4581.883  4582.460     39.5   6.21   1.892
4582.276  4582.853     83.0   2.93   1.023  4582.835 	Fe__2
4582.519  4583.097     24.8   3.21   1.032
4582.834  4583.412     62.0   4.10   1.529  4583.409 	Ti__2
4583.251  4583.829    192.5  12.23   2.949  4583.837 	Fe__2
4584.202  4584.780    136.3   4.36   0.959
4584.752  4585.330     26.8   2.75   0.715
4585.337  4585.916    188.7   8.32   2.172
4585.721  4586.299    193.5  11.80   4.749
4586.522  4587.100    105.9   8.37   2.602
4587.124  4587.702     38.9   2.74   0.684
4587.619  4588.198     75.1   2.42   0.821  4588.199 	Cr__2
4588.132  4588.711     51.8   2.70   0.631
4588.715  4589.294     19.2   0.83   0.158
4589.372  4589.951    113.7   3.37   1.723  4589.947 	Ti__2
4590.200  4590.779     51.7   0.80   0.296
4590.560  4591.139     21.4   2.66   1.044
4590.847  4591.425    154.7   4.76   1.402
4591.463  4592.042     57.0   3.04   0.459  4592.049 	Cr__2
4592.020  4592.599    221.9   8.80   2.188
4592.567  4593.146     13.9   2.76   0.855
4592.954  4593.533     53.7   3.82   1.111
4593.504  4594.083    161.3  14.78   4.020
4594.045  4594.624     32.2   3.30   0.594
4594.325  4594.904     53.5   2.41   0.561
4594.762  4595.342    145.8   8.44   2.313
4595.011  4595.590     54.9   4.33   1.754
4595.425  4596.005    146.1   4.82   1.841
4595.841  4596.421     61.1   3.95   1.283
4596.379  4596.959     66.7   6.46   1.651
4596.713  4597.293     66.7   9.44   2.961
4597.233  4597.813    120.6   8.76   2.741
4597.539  4598.119    112.9   3.84   1.440
4597.776  4598.356     64.0   1.70   0.297
4598.154  4598.734     31.2   1.41   0.398
4598.634  4599.214     12.2   2.19   0.635
4599.246  4599.826     81.6   1.73   0.740
4599.556  4600.136     95.9   1.75   0.449
4599.759  4600.339     93.4   1.70   0.753
4600.182  4600.762    131.1   4.25   2.058
4600.412  4600.992    121.5   5.37   1.309
4600.721  4601.301     28.1   3.80   1.066
4601.425  4602.005    112.4   5.48   2.625
4602.010  4602.590      5.4   2.66   0.551
4602.366  4602.946    173.7   7.99   2.874  4602.941 	Fe__1
4602.751  4603.331     46.5   2.95   0.638
4603.338  4603.918     58.3   2.36   0.870
4603.624  4604.204     28.0   1.29   0.311
4603.978  4604.558     61.6   2.37   0.707
4604.410  4604.991    122.6   6.20   1.329
4604.963  4605.543    101.7  16.45   3.613
4605.604  4606.185    108.5   2.37   0.698
4605.839  4606.420     44.9   2.28   0.851
4606.511  4607.092      8.1   2.34   0.650
4606.754  4607.334     84.7   7.05   2.072
4607.053  4607.634    117.8   7.41   2.877
4608.251  4608.832      5.8   1.74   0.520
4608.689  4609.270     47.3   1.22   0.301
4609.326  4609.907     37.8   2.45   0.786
4609.604  4610.185     22.9   2.19   0.539
4610.627  4611.208    193.0  11.96   2.967
4610.739  4611.321    109.4  13.30   1.761
4611.447  4612.029     13.1   2.42   0.815
4612.016  4612.597     22.3   2.76   0.856
4612.505  4613.087     23.1   6.06   1.905
4612.713  4613.294    209.7   6.39   2.485
4613.345  4613.926     59.3   3.18   0.674
4613.614  4614.196     64.8   2.66   0.987
4613.989  4614.571     11.9   2.25   0.418
4615.006  4615.587     65.6   6.60   2.144
4615.547  4616.129    126.6   4.43   2.465
4616.039  4616.621     54.0   1.90   0.827  4616.629 	Cr__2
4616.690  4617.272     97.6   5.10   2.144
4617.326  4617.908     20.1   2.26   0.634
4618.197  4618.780    113.4   3.72   1.680  4618.803 	Cr__2
4618.719  4619.301    107.0  11.37   2.142
4619.194  4619.776     66.5   6.73   0.842
4619.526  4620.108     11.7   1.59   0.507
4619.921  4620.504     63.5   3.09   0.681  4620.521 	Fe__2
4621.335  4621.918     94.9   3.57   1.202
4621.882  4622.464     63.5   2.03   0.390
4622.160  4622.742     43.0   1.38   0.437
4622.501  4623.084    103.1   3.43   1.312
4622.995  4623.578     28.6   2.61   0.430
4623.494  4624.077      6.6   3.18   0.768
4623.832  4624.415     18.4   1.80   0.279
4624.450  4625.033    124.4   5.28   1.950
4625.301  4625.884     26.7   3.04   0.919
4625.589  4626.173    120.3   4.67   2.432
4625.934  4626.518     41.5   1.45   0.483
4626.199  4626.783     12.3   1.08   0.281
4626.912  4627.495     54.4   6.27   2.108
4627.578  4628.161     60.5   3.95   1.168
4627.873  4628.456      9.1   1.97   0.513
4628.353  4628.936     31.6   3.83   0.926
4628.768  4629.352    131.9   5.32   1.476  4629.339 	Fe__2
4629.322  4629.906     12.6   2.18   0.497
4629.542  4630.126    116.1   3.64   1.861
4629.974  4630.558     30.0   2.18   0.453
4630.457  4631.041     17.7   0.79   0.196
4630.897  4631.480     18.1   3.47   0.939
4631.557  4632.141     25.8   2.08   0.577
4632.310  4632.894    188.1   7.94   2.153
4632.653  4633.237     24.9   4.43   1.196
4633.171  4633.755     56.2   2.13   0.439
4633.474  4634.058     99.3   5.37   1.838  4634.070 	Cr__2
4634.135  4634.719     56.5   1.97   0.546
4634.607  4635.191     51.7   2.99   0.805
4635.013  4635.598     54.5   1.74   0.397
4635.259  4635.843     82.3   4.27   1.820
4635.733  4636.317     55.1   2.60   0.979
4636.088  4636.673     12.8   2.22   0.634
4636.588  4637.173     53.5   1.60   0.806
4636.929  4637.514    118.6  10.47   2.366
4637.381  4637.966    147.6  17.40   4.651
4637.955  4638.539     13.6   3.60   0.917
4638.380  4638.965     21.6   2.39   0.950
4638.798  4639.382    101.3   3.84   1.553
4639.049  4639.634     97.7   3.89   1.693
4639.370  4639.955     86.3   4.18   1.411
4639.711  4640.296     71.1   7.22   1.199
4640.264  4640.849     23.7   4.03   1.297
4640.645  4641.231     52.4   3.60   0.698
4641.651  4642.236     38.1   1.60   0.427
4641.989  4642.575     20.8   1.53   0.352
4642.605  4643.190     38.0   1.97   0.660
4642.881  4643.466    102.8   2.94   1.323
4643.142  4643.727     48.8   5.50   1.384
4643.876  4644.462     30.8   6.35   1.819
4644.249  4644.835     10.4   1.77   0.381
4644.612  4645.197     84.8   2.48   0.612
4644.885  4645.471     28.4   2.50   0.863
4645.186  4645.772     27.1   2.70   0.499
4645.592  4646.178    158.4  13.93   3.003  4646.162 	Cr__1
4646.094  4646.680    109.5  16.02   3.314
4646.823  4647.409    168.8  15.20   3.774  4647.434 	Fe__1
4647.398  4647.984     96.4  17.09   4.234
4648.072  4648.659    100.8   3.47   1.600  4648.646 	Ni__1
4648.306  4648.892     83.0   2.97   0.821
4648.878  4649.464     53.6   8.65   1.956
4649.415  4650.001     63.1   9.51   1.808
4649.714  4650.300     29.3   1.26   0.295
4649.954  4650.540      6.9   2.11   0.688
4650.701  4651.288    118.6   5.17   1.764
4651.585  4652.171    134.7   6.14   2.515  4652.157 	Cr__1
4652.876  4653.463     62.5   3.37   1.125
4653.583  4654.170     43.7   4.74   1.196
4653.990  4654.577    257.7   7.33   2.216
4654.641  4655.228     14.5   1.43   0.414
4655.131  4655.718     77.4   6.58   2.174
4655.525  4656.112     60.5   7.16   2.724
4655.889  4656.476    123.3   5.96   2.249
4656.389  4656.976     41.7   1.83   0.625  4656.981 	Fe__2
4656.621  4657.208     88.0   3.06   0.942  4657.200 	Ti__2
4656.989  4657.576     59.4   4.98   1.596
4657.707  4658.294     36.0   1.98   0.640
4658.231  4658.818      7.9   1.99   0.421
4659.840  4660.427     26.9   4.43   1.120
4660.311  4660.899     33.9   2.82   0.892
4660.942  4661.530     45.8   4.13   1.170
4661.392  4661.979     89.9   3.01   0.776
4661.919  4662.507     34.6   2.49   0.878
4662.168  4662.756     41.0   1.57   0.563
4662.737  4663.325    144.9  13.82   4.417
4663.208  4663.796    100.7   8.81   2.436
4664.186  4664.774     96.0   3.62   1.170
4664.607  4665.195     19.8   2.44   0.524
4664.974  4665.562     11.7   1.72   0.333
4665.305  4665.893     59.7   3.22   0.899
4665.561  4666.150     85.5   2.13   0.747
4665.927  4666.515     87.8   3.09   1.362
4666.149  4666.737     83.2   3.43   1.087  4666.758 	Fe__2
4666.381  4666.969     81.4   3.08   0.963
4666.642  4667.230     82.5   4.73   1.639
4666.962  4667.551    264.2  11.45   4.053
4667.529  4668.117    157.8   7.85   1.932  4668.134 	Fe__1
4667.968  4668.556     75.5   5.38   1.181
4668.652  4669.241    170.7  14.48   5.829
4669.038  4669.627     41.5   6.37   0.850
4669.574  4670.162     44.6   2.31   0.717  4670.182 	Fe__2
4669.846  4670.435    128.2   5.37   1.795  4670.407 	Sc__2
4670.834  4671.423     33.4   3.50   0.888
4671.088  4671.677     31.9   1.30   0.381
4671.734  4672.323     56.7   1.58   0.739
4672.243  4672.832     53.2   4.38   1.524
4672.610  4673.199    145.5   3.50   0.660
4673.195  4673.785      6.6   1.43   0.285
4673.519  4674.109     51.1   7.19   1.400
4674.069  4674.658    111.9   6.31   1.795
4674.521  4675.111     76.9   4.84   1.781
4675.013  4675.603     26.3   2.33   0.420
4675.693  4676.282     18.3   1.36   0.442
4676.325  4676.915     28.5   3.62   0.901
4676.979  4677.568     33.2   1.72   0.550
4677.574  4678.163     69.9   3.02   0.964
4677.867  4678.456     24.5   2.42   0.888
4678.257  4678.847    112.4   4.13   2.171  4678.846 	Fe__1
4678.622  4679.212     72.9   2.75   0.968
4679.800  4680.390    233.1  25.21   8.954
4680.235  4680.825     69.0   6.21   1.326
4680.867  4681.458     46.0   3.82   0.767
4681.361  4681.951    160.8  16.40   4.936
4681.727  4682.317     97.9  11.62   2.693
4681.957  4682.547     56.2   1.91   0.663
4682.964  4683.555     80.2   4.21   1.792
4683.632  4684.223     20.2   2.19   0.680
4683.993  4684.583     50.8   1.21   0.242
4684.438  4685.029     44.5   1.85   0.574
4684.664  4685.255     80.1   4.03   1.196
4685.282  4685.872     20.5   2.19   0.632
4685.618  4686.208     84.0   2.49   1.013
4686.291  4686.882      7.5   1.12   0.399
4686.740  4687.331    132.0   4.13   1.192
4687.178  4687.769     47.0   4.53   1.731
4687.594  4688.185     54.2   3.65   1.319
4687.854  4688.445     65.5   6.41   1.316
4688.823  4689.414     92.2   7.73   2.822
4689.549  4690.140     75.5   4.12   1.292
4689.787  4690.378     45.2   2.18   0.935
4690.212  4690.804     30.7   1.32   0.357
4690.809  4691.401    190.1  12.82   3.278
4691.364  4691.955     13.0   1.16   0.471
4692.009  4692.601     51.0   7.40   1.988
4692.595  4693.186     45.1   2.51   0.467
4693.070  4693.662     67.6   1.15   0.416
4693.360  4693.952     53.2   2.60   0.721
4694.047  4694.638     13.7   0.68   0.183
4694.280  4694.872     65.1   1.14   0.363
4694.543  4695.135     35.8   1.76   0.481
4695.692  4696.284      6.0   1.41   0.382
4696.438  4697.030     68.0   2.89   1.265
4696.812  4697.404     19.2   1.08   0.249
4697.827  4698.419    142.0  12.84   3.102
4698.114  4698.706    202.7  11.48   3.581
4698.727  4699.319     76.7   2.49   0.671
4698.985  4699.578     16.7   1.37   0.493
4699.564  4700.156     76.1   3.82   1.194
4700.006  4700.599     36.2   3.98   0.838
4700.485  4701.077     95.1   7.25   1.098
4700.845  4701.438    104.6  15.22   5.659
4701.315  4701.908     25.9   1.43   0.518
4701.686  4702.279     20.2   1.02   0.364
4702.049  4702.642     25.1   3.93   1.043
4702.400  4702.993    204.5   9.57   2.433  4702.991 	Mg__1
4702.959  4703.552     39.0   2.94   0.652
4703.209  4703.802     77.7   1.22   0.435
4703.837  4704.430     54.2   1.34   0.398
4704.361  4704.954     88.2   3.94   1.574
4704.870  4705.463     74.2   2.00   0.808
4705.501  4706.094     29.2   6.50   0.931
4705.962  4706.555     65.8   3.01   0.635
4706.686  4707.280    135.0   4.19   1.856  4707.275 	Fe__1
4706.888  4707.482     99.6   3.78   1.197
4707.416  4708.009     80.0   2.72   0.798
4708.067  4708.661     84.2   4.79   1.147  4708.662 	Ti__2
4708.438  4709.031    151.8   5.50   1.428
4709.112  4709.705     97.9   4.92   1.868
4709.621  4710.214    200.6   8.81   3.211
4709.931  4710.525      6.7   3.12   0.868
4710.900  4711.494     39.2   3.34   0.891
4711.502  4712.096     84.8   6.83   1.884
4712.088  4712.682     38.0   7.49   1.444
4712.515  4713.110     29.3   5.23   1.517
4713.250  4713.844     13.2   3.03   0.790
4713.521  4714.115    104.9   7.08   2.553
4713.822  4714.416    170.6   9.19   2.093  4714.408 	Ni__1
4714.276  4714.870     38.0   5.69   1.216
4714.696  4715.290     62.4   3.61   1.107
4715.173  4715.768    110.4   8.02   1.502
4716.243  4716.838     10.6   3.08   0.887
4716.498  4717.093     10.6   2.20   0.546
4717.024  4717.619     61.5   5.19   1.725
4717.825  4718.420     86.0   3.70   1.246
4718.929  4719.524     36.7   4.10   1.119
4719.222  4719.817     21.7   2.92   0.749
4720.401  4720.996     84.6   2.69   0.921  4721.022 	Ca__2
4721.569  4722.164     73.6   3.13   1.210  4722.153 	Zn__1
4722.022  4722.617     68.0   3.38   1.246
4722.542  4723.138    100.1   2.60   0.673
4723.818  4724.414     74.0   4.48   1.212
4725.527  4726.123     50.4   3.51   0.781
4726.578  4727.174     83.3   7.00   1.611
4726.829  4727.425    171.8   4.70   1.699
4727.324  4727.920    103.4   8.54   1.408
4727.922  4728.518    129.2   7.53   1.888
4728.430  4729.026     65.6   1.95   0.708
4728.656  4729.252     45.0   3.63   0.875
4729.083  4729.679     85.5   4.99   0.937
4729.436  4730.032     96.6   3.94   0.957
4729.802  4730.399     19.5   2.04   0.628
4730.121  4730.718     70.1   3.35   0.891
4730.439  4731.035     69.4   9.10   2.977
4730.875  4731.471    101.6   4.15   1.275  4731.453 	Fe__2
4731.212  4731.808     62.4   1.24   0.458
4731.451  4732.047     19.1   0.98   0.307
4731.845  4732.441     61.5   1.75   0.594
4732.980  4733.577    148.9   7.70   2.353
4733.487  4734.083     78.4   5.56   1.847
4734.009  4734.606     24.7   1.08   0.370
4734.258  4734.855     11.7   0.72   0.315
4735.252  4735.849     83.1   2.24   0.929
4735.464  4736.061     20.3   3.40   0.899
4735.927  4736.524     23.9   2.74   0.833
4736.192  4736.789    167.7   7.58   2.072  4736.773 	Fe__1
4736.738  4737.335     92.0   1.95   0.592
4737.055  4737.653     98.8   4.18   1.506
4738.499  4739.097     93.0   4.06   1.434
4738.897  4739.494     38.9   2.56   0.703
4739.731  4740.329    136.3  15.08   3.479
4740.420  4741.018    106.8   3.79   1.091
4740.939  4741.536    101.8   5.07   2.091
4741.546  4742.143     22.0   4.13   1.249
4742.205  4742.803     72.1   3.85   1.045
4742.425  4743.022     25.1   3.26   1.198
4743.219  4743.817     30.8   3.35   0.637
4743.785  4744.383     65.7   2.14   0.717
4744.060  4744.658     33.6   4.98   0.973
4744.545  4745.143     58.8  11.02   2.006
4745.183  4745.781    117.6   3.65   1.370
4745.664  4746.263     15.3   1.38   0.359
4746.607  4747.205     20.1   1.39   0.244
4747.089  4747.688     13.0   2.42   0.457
4747.514  4748.113     86.4   5.21   1.529
4748.127  4748.726     18.7   2.67   0.888
4748.621  4749.219     11.7   1.49   0.688
4749.046  4749.645    103.7   2.84   0.863
4749.344  4749.943     56.0   2.27   0.527
4750.482  4751.081     54.4   1.25   0.391
4750.942  4751.541     20.2   0.79   0.356
4751.226  4751.825     27.2   0.64   0.349
4751.504  4752.103     67.0   1.66   0.428
4751.831  4752.430     86.3   3.50   1.027
4752.563  4753.162     17.4   0.83   0.215
4753.435  4754.035    158.2   4.53   2.510  4754.042 	Mn__1
4753.756  4754.355     24.7   1.50   0.164
4754.135  4754.734     83.5   2.60   0.762
4754.568  4755.167     21.8   1.23   0.370
4755.142  4755.741     55.1   4.00   1.662
4755.514  4756.113     86.7   4.99   1.293
4755.906  4756.506    104.0   5.08   1.345
4756.744  4757.344     11.9   1.98   0.499
4756.970  4757.570     91.2   2.84   1.340
4757.522  4758.122     74.0   2.41   1.331
4758.295  4758.895     42.6   4.69   0.918
4758.669  4759.269     78.9   4.00   1.523
4759.087  4759.687     10.4   1.99   0.401
4759.456  4760.056     32.3   2.34   0.688
4760.487  4761.087     44.8   4.34   1.439
4760.922  4761.523    109.6   3.01   1.284
4761.780  4762.380    140.4   5.05   1.938  4762.367 	Mn__1
4762.087  4762.687    153.6  10.13   4.091
4763.306  4763.906    130.4   3.29   1.418  4763.883 	Ti__2
4763.699  4764.300     45.1   1.48   0.683
4763.944  4764.545     83.4   6.01   1.492  4764.524 	Ti__2
4764.686  4765.287     21.8   4.56   0.550
4764.867  4765.468    127.1   5.56   1.085
4765.254  4765.855    108.3   5.32   1.953
4765.820  4766.420    137.2   8.24   1.755  4766.418 	Mn__1
4766.204  4766.805    103.8  11.15   2.911
4766.642  4767.243     18.7   1.63   0.413
4767.266  4767.867     31.8   6.06   0.904
4767.752  4768.354    142.7   7.19   1.329
4768.117  4768.718     55.3   3.02   0.755
4769.200  4769.802     36.3   3.05   0.646
4770.496  4771.098     69.4   3.62   0.705
4770.864  4771.465     81.0   3.49   0.716
4771.093  4771.694     95.8   1.76   0.621
4771.704  4772.305     27.0   0.91   0.388
4772.218  4772.820    139.2   3.92   2.234
4772.538  4773.140     27.8   1.51   0.357
4772.832  4773.433     43.1   2.95   0.787
4773.353  4773.954     29.6   1.19   0.334
4774.531  4775.133      8.9   1.55   0.543
4774.980  4775.582      8.9   1.50   0.487
4775.465  4776.067     56.1   4.57   0.598
4775.783  4776.385    111.4   7.92   2.516
4777.148  4777.750     21.0   1.76   0.701
4777.646  4778.248     44.9   1.61   0.792
4778.823  4779.426     82.3   1.91   0.487
4779.377  4779.980     95.8   2.01   1.073  4779.985 	Ti__2
4780.215  4780.818     26.6   1.13   0.503
4780.823  4781.426     44.9   1.34   0.517
4781.116  4781.719     64.9   1.11   0.361
4781.467  4782.070     22.7   0.84   0.269
4781.991  4782.594     10.0   1.94   0.335
4782.400  4783.003     39.7   3.99   0.565
4782.809  4783.412    177.1   6.84   2.372  4783.427 	Mn__1
4783.324  4783.928     62.7   7.37   2.825
4783.853  4784.456     13.7   1.06   0.349
4784.399  4785.002      8.7   0.90   0.267
4784.592  4785.196     11.4   0.90   0.324
4785.093  4785.696     24.9   1.51   0.560
4785.369  4785.973     54.2   3.58   1.114
4785.675  4786.279     85.9   4.05   1.122
4785.934  4786.538    127.6   3.83   1.465
4786.201  4786.804    121.4   3.95   1.713
4786.433  4787.037      7.5   1.79   0.473
4786.862  4787.466      8.5   1.21   0.284
4787.221  4787.825     78.9   2.46   0.950
4788.150  4788.753    100.2   3.01   1.557
4788.760  4789.364    118.5   5.07   1.753
4789.043  4789.647    125.9   6.05   1.847
4789.725  4790.329     37.7   3.23   0.534
4790.112  4790.715     25.6   3.51   0.896
4790.373  4790.977     43.8   1.89   0.674
4790.608  4791.212     93.2   2.17   0.862
4790.960  4791.564     10.4   1.38   0.350
4791.848  4792.452    138.0  14.18   2.943
4792.241  4792.845     62.6   5.81   1.515
4793.365  4793.969     24.4   2.56   0.792
4793.750  4794.354     37.9   3.09   0.938
4795.581  4796.186     47.3   2.06   0.416
4795.752  4796.357     27.8   1.98   0.369
4796.327  4796.932     34.8   4.66   0.897
4797.065  4797.669     12.0   1.44   0.349
4797.382  4797.987     23.4   0.86   0.274
4797.666  4798.271     64.6   6.36   1.059
4798.022  4798.627    141.1  21.16   8.337
4798.806  4799.411     62.4   2.18   1.009
4799.218  4799.823    109.6   1.77   0.585
4799.510  4800.116     44.2   2.08   0.485
4800.020  4800.625    107.8   3.05   0.950
4800.418  4801.024     79.8   2.33   0.929
4801.313  4801.919      8.0   2.20   0.483
4801.914  4802.519     22.0   2.19   0.686
4802.277  4802.882     83.2   4.50   1.877
4803.438  4804.044     18.4   0.96   0.187
4803.916  4804.522     54.4   1.60   0.389
4804.464  4805.069    137.5   5.69   1.331  4805.085 	Ti__2
4804.813  4805.419     69.4   4.11   0.919
4805.680  4806.286     40.8   2.00   0.403
4806.386  4806.992     81.0   4.88   1.187
4807.084  4807.690     89.1   7.96   1.965
4807.543  4808.149     57.2   2.44   1.085
4808.008  4808.614    101.0   6.56   2.871
4808.286  4808.892     53.2   4.96   1.554
4808.541  4809.147     53.8   5.56   1.838
4809.329  4809.936     38.9   3.09   0.774
4809.933  4810.540     78.5   4.59   1.149  4810.528 	Zn__1
4810.438  4811.044     38.9   1.68   0.549
4810.747  4811.354     48.9   1.86   0.432
4811.366  4811.973     43.2   1.98   0.311
4811.709  4812.315     63.2   3.16   1.108  4812.337 	Cr__2
4812.490  4813.096     55.8   4.38   0.927
4812.871  4813.478     79.8   1.92   0.585
4813.354  4813.960     17.8   1.54   0.256
4813.714  4814.321     42.1   2.27   0.923
4813.983  4814.590     37.3   1.31   0.273
4814.627  4815.234     35.3   2.13   0.468
4815.036  4815.643     24.3   2.09   0.676
4815.286  4815.893     53.6   3.80   1.429
4815.840  4816.447     11.7   1.33   0.388
4817.194  4817.801     98.0   3.19   1.286
4817.414  4818.022     26.5   1.81   0.369
4818.459  4819.066     19.7   3.02   1.022
4819.785  4820.392    102.1   4.39   1.640
4820.499  4821.107     53.9   2.21   0.791
4820.899  4821.507     18.6   0.83   0.185
4821.729  4822.337      6.5   1.45   0.409
4822.002  4822.610     34.3   2.08   0.766
4822.679  4823.288     63.5   4.80   1.137
4822.891  4823.499    172.7   5.39   2.436  4823.524 	Mn__1
4823.523  4824.131    120.0   4.09   0.951  4824.127 	Cr__2
4823.792  4824.400     14.1   2.27   0.904
4824.333  4824.941     10.3   1.58   0.459
4824.767  4825.376     61.5  16.11   0.858
4824.885  4825.493     72.3  16.13   0.734
4826.237  4826.846     23.5   1.23   0.372
4826.869  4827.477    115.6   6.35   1.884
4827.406  4828.014      8.0   1.20   0.426
4828.005  4828.614     20.3   2.19   0.707
4828.420  4829.029     94.3   5.29   1.770
4828.742  4829.351    118.7   5.50   1.310
4829.872  4830.481      5.3   1.64   0.379
4830.572  4831.181     93.2   6.97   1.602
4831.039  4831.648     95.7   5.37   1.275
4831.457  4832.066     23.3   4.36   0.915
4831.799  4832.408     92.6   5.67   1.543
4832.101  4832.710     94.1   2.43   1.234
4832.587  4833.196     19.2   1.10   0.279
4833.238  4833.847     19.9   1.97   0.469
4833.914  4834.524     85.2   1.59   0.771
4835.288  4835.897     90.5   3.94   1.193
4835.589  4836.198     69.3   5.96   1.813  4836.229 	Cr__2
4836.241  4836.851     34.6   1.07   0.492
4837.480  4838.090     33.0   1.76   0.694
4837.953  4838.563    131.6   6.45   2.288
4838.938  4839.549     93.9   4.36   1.438
4839.287  4839.897     36.2   5.81   1.781
4839.667  4840.278    132.9   4.01   1.002
4840.265  4840.875    109.5   4.64   2.228
4841.148  4841.758     59.6   3.54   1.037
4842.163  4842.774     78.1   3.13   0.950
4842.540  4843.150    102.5   4.90   1.648
4842.845  4843.456     57.2   2.67   0.853
4843.424  4844.035     84.6   6.95   1.570
4843.862  4844.472     20.9   5.85   1.045
4845.042  4845.653     65.8   3.74   1.185
4845.761  4846.372     30.8   1.79   0.640
4846.702  4847.313     51.3   1.28   0.304
4847.124  4847.736     12.6   0.72   0.270
4847.636  4848.247     75.8   2.07   0.827  4848.235 	Cr__2
4847.841  4848.452     55.5   1.99   0.285
4848.280  4848.891     86.4   3.22   1.317
4848.541  4849.152     91.5   4.16   0.867  4849.169 	Ti__2
4849.029  4849.641     38.6   4.00   0.845
4850.872  4851.484    117.1   2.99   1.201
4851.317  4851.929     30.9   3.96   1.583
4851.942  4852.554     64.1   2.62   0.921
4852.674  4853.286     20.1   1.59   0.608
4853.190  4853.802     47.8   1.84   0.684
4853.775  4854.387      9.0   2.25   0.455
4854.243  4854.855     95.5   5.29   0.908  4854.863 	Y___2
4854.806  4855.418    123.5   6.68   1.027  4855.406 	Ni__1
4855.050  4855.662    112.8   3.04   0.833
4855.379  4855.991    109.5   3.78   1.031
4855.565  4856.177     38.7   3.30   0.399  4856.186 	Cr__2
4856.778  4857.391     76.7   1.62   0.501
4857.618  4858.230     56.0   5.52   1.888
4858.193  4858.806      5.9   1.34   0.407
4858.470  4859.082     98.4   3.84   0.738
4859.129  4859.742    174.8   8.42   1.963  4859.741 	Fe__1
4859.612  4860.225     51.1   6.45   1.334  4860.202 	Cr__2
4860.164  4860.776     41.7  10.18   2.883
4860.581  4861.194    399.2   0.02   2.880
4860.834  4861.447    391.0   0.92   2.956
4861.243  4861.856    146.4  12.87   1.886
4861.437  4862.049     46.9  10.80   1.644
4861.963  4862.576     79.0   2.55   0.601
4862.508  4863.121     11.4   0.97   0.201
4863.054  4863.667    117.6   3.46   1.036
4863.303  4863.916     64.6   4.29   0.792
4863.670  4864.283    100.6   4.81   1.537
4864.128  4864.741    107.3   2.33   1.191
4864.997  4865.610     85.0   1.39   0.571  4865.611 	Ti__2
4865.652  4866.266    100.9   2.92   1.292
4866.104  4866.717     22.8   0.92   0.429
4866.930  4867.544     54.3   2.68   0.603
4867.246  4867.859    104.5   3.60   0.967
4867.716  4868.330    141.7   7.74   2.592
4868.283  4868.897      6.0   1.29   0.294
4868.541  4869.154      6.7   1.92   0.824
4868.855  4869.469     55.0   1.92   0.370  4869.460 FE1  26.0
4869.484  4870.097    103.2   1.77   0.636
4870.205  4870.819    104.0   6.21   1.457
4870.704  4871.318    206.0   9.43   2.261  4871.318 	Fe__1
4870.989  4871.604     40.2   6.37   1.876
4871.459  4872.073    283.5  12.07   5.206
4872.282  4872.897     19.0   2.45   0.567  4872.900 FE1  26.0
4872.800  4873.415     88.2  10.35   2.575
4873.136  4873.750     32.5   1.63   0.458  4873.750 FE1  26.0
4873.396  4874.010     51.1   2.18   0.728  4874.010 	Ti__2
4873.740  4874.355     50.2   2.98   1.058  4874.350 FE1  26.0
4874.170  4874.785     43.5   1.08   0.309
4874.408  4875.022     46.9   1.02   0.592
4874.883  4875.498    121.2   9.16   2.675
4875.256  4875.870     91.5   9.35   1.811  4875.870 FE1  26.0
4875.813  4876.427     79.4   3.41   0.591  4876.399 	Cr__2
4877.003  4877.618     56.1   5.27   0.970  4877.600 FE1  26.0
4877.564  4878.179    207.1   6.34   2.248  4878.211 	Fe__1
4879.456  4880.072      9.0   2.47   0.548
4879.925  4880.540     28.0   3.46   0.920
4880.326  4880.941     36.9   2.92   0.696
4881.002  4881.618    226.2   7.13   2.701
4881.537  4882.153    100.5   5.36   1.753  4882.140 FE1  26.0
4882.093  4882.708     14.9   0.79   0.217
4882.835  4883.451      8.5   2.24   0.439
4883.068  4883.684     93.3   3.06   1.379  4883.684 	Y___2
4883.387  4884.003     15.8   2.13   0.648
4883.990  4884.606     30.2   3.00   0.442
4884.445  4885.060    125.5  12.30   2.199
4884.807  4885.422    101.9  12.37   2.738  4885.430 FE1  26.0
4885.164  4885.780     69.9  10.67   1.737
4885.706  4886.322    102.8   2.61   1.260
4886.394  4887.010    109.5  11.75   1.041
4886.594  4887.210     94.2  11.42   2.254
4887.062  4887.678      9.9   2.45   0.622
4887.988  4888.604    130.6   4.85   1.083
4888.427  4889.044    168.4   5.10   1.545
4889.917  4890.534     29.5   4.72   1.220
4890.156  4890.772    213.8   7.80   2.346  4890.755 	Fe__1
4890.500  4891.117     90.2  12.38   3.521
4890.866  4891.483    248.3   8.58   2.766  4891.490 FE1  26.0
4891.120  4891.737     43.8   5.98   1.794
4892.245  4892.862     70.8   3.76   0.967  4892.870 FE1  26.0
4893.196  4893.813     34.6   2.67   0.886  4893.820 FE2  26.1
4893.931  4894.548     17.2   1.86   0.380
4895.839  4896.456     63.0   2.67   0.678  4896.430 FE1  26.0
4896.837  4897.454     15.0   0.78   0.230
4898.890  4899.508     46.5   1.57   0.412
4899.305  4899.923    102.8   3.91   1.221
4899.498  4900.115     96.3   3.87   1.077  4900.120 	Y___2
4900.184  4900.802     20.9   2.39   0.385
4900.346  4900.963     41.8   2.48   0.242
4901.502  4902.120     36.9   4.62   1.774
4901.728  4902.346     24.8   3.41   1.169
4902.678  4903.297    177.9   5.96   2.014  4903.310 	Fe__1
4903.089  4903.707      5.1   1.46   0.155
4903.786  4904.405    105.0   4.61   1.540
4904.524  4905.142     63.1   1.29   0.445  4905.140 FE1  26.0
4906.158  4906.776     15.5   1.51   0.267
4906.456  4907.075      9.2   0.91   0.301
4907.115  4907.734     90.7   2.72   1.150  4907.730 FE1  26.0
4907.392  4908.010     66.1   1.94   0.571
4907.982  4908.601     29.0   0.98   0.360
4908.493  4909.112     36.6   1.29   0.406
4908.765  4909.384     91.9   2.10   0.994
4909.108  4909.727      9.0   1.38   0.355
4909.401  4910.019    112.7   3.94   1.521
4909.706  4910.325     97.0   4.01   1.049
4909.944  4910.563     98.2   2.75   1.415
4910.580  4911.199     70.6   2.47   0.683  4911.195 	Ti__2
4910.905  4911.524     47.5   2.20   0.673
4911.153  4911.772     69.1   1.04   0.361
4911.399  4912.018     65.4   1.23   0.504
4911.839  4912.459     26.3   1.58   0.433
4912.533  4913.153     26.7   1.51   0.647
4913.000  4913.619     91.3   5.23   1.389
4913.349  4913.968     76.0   4.27   1.278
4913.779  4914.398     35.7   1.40   0.386
4914.319  4914.939      5.7   1.68   0.433
4914.606  4915.226     31.0   1.68   0.480
4915.190  4915.810      8.4   1.71   0.295
4915.616  4916.236     10.8   1.59   0.367
4915.880  4916.500     21.4   1.77   0.555
4916.622  4917.241     90.9   2.11   0.816  4917.240 FE1  26.0
4917.397  4918.017     76.5   6.84   1.573  4918.010 FE1  26.0
4917.741  4918.361     97.1  10.50   2.328
4918.086  4918.706     86.0   6.39   1.279
4918.371  4918.991    214.5   5.30   1.991  4918.994 	Fe__1
4918.611  4919.231     31.9   4.97   1.322
4919.213  4919.834     88.6   8.00   1.656
4919.894  4920.514    366.3   8.79   4.693  4920.503 	Fe__1
4920.315  4920.936    129.6  12.54   3.833
4921.167  4921.787    101.2   6.06   1.383
4921.613  4922.233    128.7   5.34   0.927
4922.195  4922.815     14.9   0.71   0.238
4922.544  4923.165     38.6   2.31   0.606
4923.077  4923.697     23.6   3.42   1.347
4923.310  4923.931    165.6   5.20   1.413  4923.930 FE2  26.1
4923.659  4924.279     30.0   2.81   0.780
4924.149  4924.769    145.7   6.27   1.895  4924.770 FE1  26.0
4924.700  4925.321     66.7   4.55   1.996
4924.953  4925.574    102.5   3.93   1.080
4925.530  4926.151     37.8   3.23   0.772
4926.182  4926.803     11.7   1.17   0.532
4926.808  4927.429     94.9   3.77   0.807  4927.410 FE1  26.0
4927.244  4927.865     86.8   3.24   1.020
4927.702  4928.323     73.5   1.77   0.702
4929.664  4930.286    115.4   2.84   0.842
4930.163  4930.784     40.7   1.39   0.572
4931.441  4932.063     47.0   1.04   0.156  4932.049 	C___1
4932.302  4932.924     12.3   3.13   0.597
4932.661  4933.283    167.8   6.07   2.013
4933.371  4933.993    244.2  10.54   3.149
4933.490  4934.112    173.6  11.97   2.662  4934.076 	Ba__2
4934.265  4934.887     10.8   1.02   0.255
4934.793  4935.415      6.7   1.25   0.324  4935.410 FE1  26.0
4935.208  4935.830     74.5   1.33   0.632
4935.721  4936.343     71.0   1.84   0.909
4936.116  4936.738      5.5   1.07   0.392
4936.447  4937.069     32.3   1.35   0.442
4936.717  4937.339    117.8   3.71   0.793
4937.108  4937.730     63.8   5.91   0.870
4937.580  4938.202    145.9   9.63   1.921
4938.193  4938.815    149.5   5.52   1.875  4938.814 	Fe__1
4938.613  4939.236    110.6   5.01   1.113
4939.063  4939.686    167.1   7.42   2.437  4939.680 FE1  26.0
4939.399  4940.022     39.7   4.03   1.168
4939.855  4940.477     14.9   1.33   0.352
4940.117  4940.740      9.7   1.47   0.479
4940.660  4941.283     20.0   1.80   0.479
4940.961  4941.584     15.1   1.15   0.499
4941.264  4941.887      9.4   0.87   0.448
4941.879  4942.502    145.8   3.18   1.107
4942.386  4943.009      9.2   1.10   0.214
4942.818  4943.442      7.7   0.83   0.278
4943.248  4943.871     15.9   0.57   0.216
4943.670  4944.293     21.4   0.57   0.217
4943.975  4944.598     15.6   0.69   0.135
4944.815  4945.439     70.8   1.74   0.554
4945.009  4945.633     70.0   1.74   0.356
4945.411  4946.035     43.6   1.14   0.316
4945.771  4946.395    127.3   3.19   1.628  4946.380 FE1  26.0
4946.385  4947.008      8.5   1.19   0.370
4946.975  4947.599     26.0   0.54   0.222
4947.344  4947.968     19.4   1.09   0.322
4947.605  4948.229     29.3   2.34   0.938
4948.006  4948.630     15.1   0.66   0.143
4948.427  4949.051     12.7   1.87   0.613
4948.959  4949.583      9.0   0.78   0.173
4949.484  4950.108    107.1   1.96   1.074  4950.100 FE1  26.0
4949.768  4950.392     10.5   1.49   0.254
4951.671  4952.296     61.3   1.42   0.388
4952.015  4952.639     70.8   1.90   0.529
4952.572  4953.197     86.1   1.33   0.686
4953.076  4953.700     13.2   1.76   0.396
4954.138  4954.763     97.5  11.02   3.166
4955.371  4955.996      7.8   0.56   0.199
4956.441  4957.065     47.2   7.72   2.293
4956.803  4957.428    389.6   1.32   2.700
4957.059  4957.684    246.1  12.69   3.595  4957.682 	Fe__1
4957.601  4958.226     63.4   8.72   1.764
4958.515  4959.140     70.8   0.86   0.364
4959.061  4959.686      5.1   2.46   0.683
4960.418  4961.043     37.1   1.31   0.332
4960.764  4961.389     25.7   0.89   0.314
4961.297  4961.922     58.9   1.78   0.864  4961.920 FE1  26.0
4961.668  4962.294     23.5   1.50   0.388
4961.948  4962.574     75.1   2.41   1.008  4962.580 FE1  26.0
4963.490  4964.116     13.3   2.44   0.466
4964.297  4964.922     88.8   7.28   1.638
4964.546  4965.172     42.8   1.88   0.444
4965.217  4965.843     79.6   2.63   0.495
4965.470  4966.097    145.3   6.63   1.986  4966.089 	Fe__1
4965.965  4966.591     27.3   1.41   0.520
4966.658  4967.284     16.2   0.85   0.191
4966.889  4967.515     25.2   0.59   0.259
4967.274  4967.900     95.9   2.91   1.368  4967.897 	Fe__1
4967.989  4968.615    166.7  14.81   3.359
4969.295  4969.921     96.7   3.13   1.246  4969.910 FE1  26.0
4969.901  4970.528    137.6  11.60   3.981
4970.298  4970.925      8.0   1.97   0.370
4970.729  4971.356     78.5   2.66   0.894
4971.293  4971.920      9.6   0.92   0.183
4972.452  4973.079    127.6   3.66   1.201
4972.711  4973.338      8.5   1.93   0.461
4973.768  4974.395     21.3   2.31   0.868
4974.750  4975.377     86.2   1.73   0.400
4975.669  4976.296     99.7  10.66   2.961
4976.068  4976.696      9.2   1.18   0.462
4977.051  4977.678     75.8   1.78   0.231
4977.542  4978.169     81.1   3.55   0.835
4977.973  4978.600    153.5   4.00   0.959
4978.615  4979.243     12.3   1.27   0.356
4978.972  4979.600     46.6   3.25   0.591  4979.580 FE1  26.0
4979.570  4980.198    139.1   4.01   1.106  4980.166 	Ni__1
4979.876  4980.504     14.7   2.63   0.688
4980.698  4981.326     38.4   1.41   0.384
4981.105  4981.733    156.6   4.62   2.447  4981.731 	Ti__1
4981.503  4982.132     34.9   1.73   0.359
4981.883  4982.511    138.3   5.41   1.887  4982.499 	Fe__1
4982.182  4982.810    100.8   4.62   1.356
4982.631  4983.259    126.1   5.83   1.435  4983.250 	Fe__1
4983.224  4983.852    135.2   4.28   1.206  4983.853 	Fe__1
4983.479  4984.107    109.7   2.69   0.980  4984.112 	Ni__1
4983.987  4984.615     35.8   0.71   0.151
4984.639  4985.268    118.4   4.59   1.920  4985.253 	Fe__1
4984.922  4985.551    137.7   6.77   1.690  4985.547 	Fe__1
4985.347  4985.975     45.6   2.49   0.374
4985.598  4986.227     72.2   2.45   0.752  4986.220 FE1  26.0
4986.237  4986.866     57.7   1.80   0.507
4986.529  4987.157     11.9   1.37   0.315
4987.233  4987.862     36.8   1.91   0.341
4987.693  4988.322      6.2   1.79   0.356
4988.384  4989.013    150.6  14.00   5.290
4988.852  4989.481     15.9   1.64   0.345
4989.302  4989.931     38.1   2.21   0.343
4989.820  4990.450     47.9   3.78   1.168
4990.521  4991.150    265.9  10.18   5.010
4991.214  4991.843     41.7   1.31   0.451
4992.152  4992.781     17.7   1.44   0.525  4992.780 FE1  26.0
4992.720  4993.349     51.1   1.93   0.469  4993.350 FE2  26.1
4993.082  4993.711     88.7   4.90   0.879
4993.502  4994.131    164.8   8.09   2.540  4994.130 	Fe__1
4994.416  4995.045     16.1   1.07   0.449
4994.775  4995.405     29.6   0.85   0.251  4995.410 FE1  26.0
4995.017  4995.647     36.4   0.95   0.467
4995.745  4996.375     31.6   1.84   0.437
4996.199  4996.829     75.6   2.63   0.662
4996.462  4997.092     98.9   4.11   1.665
4997.337  4997.967     12.6   2.68   0.713
4997.593  4998.223     70.6   3.07   1.350
4997.897  4998.527     11.3   2.19   0.503
4998.491  4999.121     52.8   2.87   0.737  4999.110 FE1  26.0
4998.864  4999.494    166.9   5.50   2.033  4999.503 	Ti__1
4999.700  5000.330    122.1   5.53   1.721
