6001.564  6002.321      5.0   0.73   0.264
6001.896  6002.653     22.9   1.35   0.419
6002.257  6003.013    109.5   2.54   0.808  6003.020 FE1  26.0
6004.269  6005.026      6.7   0.74   0.179
6004.775  6005.532     65.7   1.17   0.327  6005.540 FE1  26.0
6005.575  6006.332      7.6   0.55   0.116
6006.555  6007.312     67.9   1.15   0.444  6007.320 NI1  1.68  1 -3.34   0.237E-31     26.0   6.24  -0.01
6006.942  6007.699     10.8   0.61   0.125
6007.208  6007.965     81.3   1.58   0.443  6007.970 FE1  26.0
6007.803  6008.561    113.0   2.74   0.970  6008.570 FE1  26.0
6011.465  6012.222     65.9   2.04   0.490  6012.210 FE1  26.0
6011.991  6012.749      6.7   0.78   0.170
6012.731  6013.489    129.7   2.33   1.001  6013.500 MN1  3.07  1 -0.25   0.123E-30     85.0   5.66   0.21
6014.484  6015.243     22.7   0.48   0.117  6015.240 FE1  26.0
6015.054  6015.812      5.5   0.67   0.136
6015.584  6016.342      5.7   1.05   0.201
6015.881  6016.639    139.6   2.07   1.060  6016.650 MN1  3.07  0 -0.22   0.122E-30     95.0   5.79   0.34
6016.156  6016.914      6.5   1.31   0.323
6017.574  6018.332     22.9   0.54   0.147
6017.857  6018.616      7.9   0.54   0.219
6018.621  6019.380     19.7   0.48   0.142  6019.360 FE1  26.0
6019.322  6020.081    133.1  18.85   1.684
6019.454  6020.213     66.1  19.32   1.316
6021.036  6021.795    132.9   2.73   1.290  6021.800 MN1  3.07  1  0.04   0.122E-30     96.0   5.55   0.10
6023.006  6023.765      6.0   1.35   0.342
6023.301  6024.061    121.0   2.07   1.013  6024.058 	Fe__1
6024.986  6025.746      9.6   0.30   0.127
6026.295  6027.055     93.4   1.82   0.890  6027.060 FE1  26.0
6026.960  6027.720      5.8   0.74   0.151
6027.481  6028.240     10.9   0.88   0.299
6028.183  6028.943      5.2   0.66   0.150
6029.137  6029.898     22.5   0.90   0.323
6029.902  6030.662      9.0   0.79   0.250
6030.302  6031.063     12.4   0.74   0.209
6030.654  6031.415      6.5   0.79   0.282
6030.908  6031.668      8.7   0.79   0.241
6033.286  6034.047     22.3   1.01   0.332  6034.040 FE1  26.0
6034.577  6035.337     13.5   0.48   0.152  6035.340 FE1  26.0
6035.692  6036.453     12.3   0.64   0.137
6036.932  6037.694      6.3   0.22   0.076
6038.965  6039.726     57.9   1.19   0.401  6039.740 V1  1.06  1 -0.65   0.226E-31     12.0   3.88  -0.12
6041.336  6042.098     72.6   1.09   0.244
6042.603  6043.365      8.8   0.54   0.096
6045.191  6045.953     13.1   1.05   0.414
6046.892  6047.655      5.1   0.25   0.065
6048.006  6048.768      9.9   1.36   0.349
6048.381  6049.143      8.2   0.70   0.163
6051.044  6051.807      9.3   0.59   0.160
6051.851  6052.614     12.0   1.07   0.334
6052.250  6053.013      5.5   0.85   0.206
6052.916  6053.680     36.0   2.01   0.414
6053.308  6054.071     20.0   0.81   0.249  6054.100 FE1  26.0
6054.326  6055.089      6.2   0.48   0.156
6054.666  6055.430      6.1   0.49   0.184
6055.245  6056.008     92.8   1.41   0.352  6056.010 FE1  26.0
6055.618  6056.382     10.4   1.91   0.501
6056.054  6056.817      9.0   1.36   0.340
6056.379  6057.142     10.6   1.29   0.227
6056.534  6057.297     12.4   1.29   0.187
6057.390  6058.154     24.8   1.01   0.275
6058.443  6059.207      6.5   1.03   0.236
6058.939  6059.702      7.2   0.98   0.189
6059.904  6060.668     14.6   1.04   0.366
6060.846  6061.610      6.9   0.43   0.102
6061.922  6062.687     18.6   1.75   0.203
6062.093  6062.857     68.4   1.84   0.369
6063.212  6063.976      6.5   0.60   0.190
6063.871  6064.636     50.8   0.95   0.310  6064.630 TI1  1.05  1 -1.94   0.209E-31     17.0   5.35   0.33
6064.725  6065.490    162.6   3.13   1.297  6065.490 FE1  26.0
6065.006  6065.770     11.7   1.68   0.407
6069.262  6070.027      5.8   0.60   0.210
6069.773  6070.538      8.4   0.68   0.161
6070.973  6071.738      6.2   0.43   0.144
6072.370  6073.136      6.9   0.36   0.149
6075.191  6075.957      5.7   0.70   0.187
6075.521  6076.287      6.1   0.45   0.118
6076.136  6076.902     18.2   0.38   0.130
6076.953  6077.719      5.3   0.65   0.134
6077.728  6078.494     94.7   3.81   0.555  6078.500 FE1  26.0
6078.240  6079.006     68.6   3.86   0.588  6079.020 FE1  26.0
6080.416  6081.182      5.8   0.78   0.152
6080.676  6081.443     66.4   0.69   0.287  6081.450 V1  1.05  1 -0.58   0.221E-31     16.0   3.96  -0.04
6080.980  6081.747     10.6   0.78   0.252
6081.523  6082.290      8.2   2.07   0.131
6081.667  6082.434     29.9   2.09   0.170
6081.942  6082.709     86.3   1.26   0.687  6082.720 FE1  26.0
6082.946  6083.713      9.0   0.44   0.110
6083.342  6084.109     34.3   0.76   0.173  6084.100 FE2  26.1
6084.477  6085.244    101.0   1.62   0.860  6085.230 TI1  1.05  7 -1.35   0.207E-31     46.0   5.45   0.43
6085.515  6086.282     61.5   0.77   0.187
6085.917  6086.684     13.2   0.86   0.291
6086.188  6086.956      6.9   1.26   0.387
6087.049  6087.816     25.6   0.63   0.121
6087.227  6087.994      5.6   0.61   0.196
6088.798  6089.566     64.3   0.98   0.464  6089.570 FE1  26.0
6089.440  6090.208     94.8   1.27   0.702  6090.220 V1  1.08  7 -0.06   0.227E-31     36.0   3.97  -0.03
6090.415  6091.183     53.3   0.95   0.247  6091.170 TI1  2.27  1 -0.42   0.805E-31     17.0   5.02   0.00
6091.117  6091.885     40.6   2.77   0.712
6092.031  6092.799     25.4   0.80   0.272
6092.381  6093.149     53.6   1.54   0.260
6092.876  6093.644     49.9   1.44   0.434  6093.650 FE1  26.0
6093.597  6094.365     35.5   0.57   0.163  6094.380 FE1  26.0
6095.898  6096.666     67.7   1.36   0.546  6096.670 FE1  26.0
6096.295  6097.063     18.1   1.31   0.186
6096.484  6097.253      9.5   1.29   0.185
6097.482  6098.251     32.7   0.90   0.171  6098.250 FE1  26.0
6097.890  6098.659     18.4   0.79   0.172
6099.493  6100.262     18.7   0.52   0.113
6101.415  6102.185     97.6   4.97   0.964
6101.945  6102.714    161.0   6.34   1.434  6102.720 CA1  1.88  1 -0.79   0.100E-30    129.0   6.30  -0.06
6102.228  6102.998     62.5   3.28   0.739
6102.469  6103.238    104.9   3.51   0.735
6103.864  6104.633      5.7   0.64   0.224
6104.372  6105.142     25.0   1.01   0.308  6105.120 FE1  26.0
6104.727  6105.497      5.4   0.71   0.154
6105.641  6106.411      6.6   0.66   0.106
6105.819  6106.589     12.8   0.67   0.115
6106.243  6107.013      5.5   0.67   0.158
6107.344  6108.114    115.7   1.75   0.890
6110.301  6111.071     51.9   0.71   0.316  6111.070 NI1  4.09  1 -0.87   0.393E-30     35.0   6.29   0.04
6110.879  6111.650     61.3   0.52   0.083  6111.650 V1  1.04  1 -0.72   0.216E-31     10.0   3.84  -0.16
6112.156  6112.927     16.1   1.22   0.349
6112.536  6113.307     18.7   1.18   0.272  6113.330 FE2  26.1
6115.436  6116.207     95.6   2.39   0.580
6116.229  6117.000     34.8   1.01   0.332  6117.000 CO1  1.78  1 -2.49   0.218E-31     10.0   5.12   0.20
6118.775  6119.546     78.6   3.88   0.918  6119.530 V1  1.06  1 -0.32   0.220E-31     19.0   3.80  -0.20
6119.477  6120.249     40.3   0.63   0.164  6120.250 FE1  26.0
6120.224  6120.996     20.8   0.25   0.057
6121.204  6121.975     17.3   3.70   0.719
6121.452  6122.224    194.7   4.77   1.464  6122.230 CA1  1.88  1 -0.32   0.993E-31    106.0   5.54  -0.82
6121.781  6122.553     23.7   2.65   0.776
6124.238  6125.010     36.6   0.83   0.250
6125.442  6126.214     78.2   1.38   0.503  6126.220 TI1  1.07  1 -1.42   0.209E-31     22.0   5.00  -0.02
6126.704  6127.476     19.5   1.80   0.325
6127.138  6127.910     73.7   1.95   0.484  6127.900 FE1  26.0
6127.443  6128.216      8.1   1.17   0.402
6128.210  6128.983     72.7   1.71   0.362  6128.970 NI1  1.68  1 -3.33   0.228E-31     24.0   6.17  -0.08
6128.814  6129.587     18.0   2.19   0.664
6129.365  6130.138     31.5   0.79   0.158
6130.803  6131.576     28.3   0.43   0.132
6131.074  6131.847     30.9   0.51   0.174
6133.188  6133.961     12.9   0.49   0.195
6133.791  6134.564     17.2   0.58   0.166
6134.329  6135.102      6.5   0.43   0.108
6134.596  6135.369     57.8   1.70   0.512  6135.370 V1  1.05  1 -0.75   0.217E-31      9.0   3.83  -0.17
6134.997  6135.770     25.9   1.73   0.335
6135.784  6136.558     91.2  13.93   1.825
6135.908  6136.682    188.3  12.99   2.568
6136.209  6136.982    131.6   6.32   1.341  6137.000 FE1  26.0
6136.599  6137.373     36.0   5.36   1.783
6136.914  6137.688    184.7   5.16   1.442  6137.690 FE1  26.0
6137.733  6138.506     29.1   0.42   0.174
6138.885  6139.659      6.8   0.76   0.204  6139.640 FE1  26.0
6140.948  6141.722    170.2   3.97   1.392  6141.721 	Ba__2
6141.206  6141.980     11.7   3.12   0.403
6141.710  6142.484     39.8   0.83   0.132  6142.480 SI1  5.62 12 -1.51   0.513E-29     32.0   7.49  -0.06
6142.434  6143.208     22.5   0.56   0.139
6144.235  6145.010     44.8   1.16   0.229
6144.634  6145.409     12.2   0.83   0.250  6145.410 FE1  26.0
6145.447  6146.222     16.9   0.57   0.086
6145.704  6146.478      6.4   0.56   0.189
6147.021  6147.796    102.0   2.15   0.571
6147.930  6148.705     11.1   1.14   0.255
6148.472  6149.247     46.6   1.38   0.237  6149.250 FE2  26.1
6148.953  6149.728     10.9   0.92   0.225
6149.373  6150.149     74.1   0.74   0.276  6150.150 V1  0.30  1 -1.79   0.951E-32     10.0   4.18   0.18
6150.845  6151.620    101.2   2.12   1.106  6151.620 FE1  26.0
6153.450  6154.225     64.7   1.06   0.337  6154.230 NA1  2.10  1 -1.53   0.595E-30     38.0   6.26  -0.07
6153.665  6154.441      6.7   0.97   0.259
6154.371  6155.147     86.4   1.33   0.387  6155.134 	Si__1
6154.926  6155.702      8.8   0.39   0.091
6155.243  6156.019     26.4   0.45   0.125  6156.030 CA1  2.52  1 -2.19   0.256E-30     11.0   6.09  -0.27
6155.551  6156.327     10.6   0.98   0.226
6156.011  6156.787      7.0   1.07   0.312
6156.625  6157.401     10.5   1.03   0.210
6156.956  6157.733     97.0   1.43   0.602  6157.730 FE1  26.0
6158.588  6159.364     25.4   0.38   0.150
6159.437  6160.214      6.9   1.25   0.257
6159.976  6160.752     88.7   3.30   0.684  6160.750 NA1  2.10  1 -1.23   0.593E-30     59.0   6.30  -0.03
6160.506  6161.282    105.2   3.91   0.674  6161.300 CA1  2.52  1 -1.03   0.256E-30     68.0   6.20  -0.16
6161.141  6161.918     21.1   4.19   0.697
6161.400  6162.177    217.3   5.99   1.825  6162.173 	Ca__1
6161.657  6162.434     21.7   4.33   0.813
6162.544  6163.321      9.9   4.29   0.352
6162.723  6163.500    128.4   3.52   0.360
6162.958  6163.735    108.2   2.96   0.419
6163.857  6164.634      6.8   0.60   0.187
6164.582  6165.359     72.0   1.23   0.276  6165.360 FE1  26.0
6165.129  6165.907     12.8   1.28   0.341
6165.660  6166.438    102.6   2.08   0.691  6166.440 CA1  2.52  1 -0.90   0.255E-30     73.0   6.15  -0.21
6167.024  6167.802      7.9   0.51   0.200
6168.269  6169.047    126.1   7.91   1.329  6169.042 	Ca__1
6168.780  6169.558    137.8   8.06   1.339  6169.560 CA1  2.52  1 -0.27   0.255E-30    112.0   6.08  -0.28
6169.209  6169.987     10.0   2.16   0.341
6169.714  6170.492    123.8   6.08   1.510  6170.500 FE1  26.0
6170.135  6170.913     11.2   2.43   0.492
6171.924  6172.702      5.6   0.69   0.231
6172.563  6173.341    118.1   2.13   0.832  6173.340 FE1  26.0
6174.587  6175.366     66.4   0.53   0.107  6175.370 NI1  4.09  1 -0.53   0.380E-30     56.0   6.36   0.11
6176.037  6176.815     83.6   2.36   0.568  6176.810 NI1  4.09  1 -0.53   0.380E-30     73.0   6.66   0.41
6176.467  6177.246     52.3   2.05   0.452
6176.734  6177.513      5.7   0.50   0.132
6177.432  6178.211      5.1   0.51   0.211
6179.157  6179.936     10.7   1.23   0.321
6179.425  6180.204    101.1   1.44   0.404  6180.200 FE1  26.0
6179.628  6180.407      9.1   1.27   0.253
6182.286  6183.065      6.0   0.65   0.182
6182.786  6183.566     21.7   1.76   0.479
6183.074  6183.854     14.6   1.31   0.514
6184.916  6185.695     20.6   0.90   0.136
6185.407  6186.186     25.7   1.01   0.324
6185.936  6186.716     47.6   0.92   0.231
6186.597  6187.377     17.3   1.05   0.315  6187.400 FE1  26.0
6187.210  6187.990     75.5   0.73   0.251  6188.000 FE1  26.0
6188.220  6189.000     55.1   0.99   0.424  6189.000 CO1  1.71 99 -2.45   0.200E-31      8.0   4.90  -0.02
6188.576  6189.356     11.6   0.76   0.202
6190.438  6191.219    157.2   8.27   2.579
6190.772  6191.553    207.6   8.97   2.555  6191.550 FE1  26.0
6193.624  6194.405     20.1   0.66   0.284
6194.633  6195.414     20.2   4.11   0.110
6194.730  6195.511      8.4   4.12   0.167
6198.413  6199.195     86.4   0.94   0.330  6199.190 V1  0.29  1 -1.29   0.927E-32     13.0   3.80  -0.20
6198.707  6199.488     23.9   0.93   0.219  6199.500 FE1  26.0
6199.536  6200.318    119.8   1.97   0.823  6200.320 FE1  26.0
6200.379  6201.161      5.1   0.36   0.198
6202.526  6203.308      6.0   0.53   0.180
6203.820  6204.602     40.0   0.66   0.187
6204.403  6205.186     10.2   0.67   0.195
6206.469  6207.252      6.8   0.69   0.181
6207.766  6208.549      6.9   0.79   0.283
6209.876  6210.659     37.5   0.49   0.150
6211.309  6212.092     16.8   1.51   0.495
6212.664  6213.447    142.7   6.17   1.883  6213.440 FE1  26.0
6213.064  6213.847     56.1   6.23   1.612
6213.826  6214.609     14.3   1.24   0.251
6214.376  6215.159    112.0   5.28   0.900
6215.035  6215.819     10.5   0.81   0.259
6215.577  6216.361    104.3   1.28   0.592
6215.934  6216.717      7.1   1.23   0.359
6216.941  6217.725      7.8   1.22   0.340
6218.500  6219.284    140.7   3.47   1.576  6219.290 FE1  26.0
6219.147  6219.931     18.6   0.48   0.182  6219.940 TI2  2.06 16 -2.82   0.976E-32      6.0   4.81  -0.21
6219.423  6220.207     16.7   0.55   0.202
6219.699  6220.483     34.0   1.05   0.426  6220.500 TI1  2.68  1 -0.14   0.129E-30     11.0   4.91  -0.11
6219.999  6220.784     45.4   1.31   0.283  6220.790 FE1  26.0
6220.539  6221.323     44.7   0.97   0.182
6220.900  6221.684     21.5   1.07   0.262  6221.670 FE1  26.0
6223.207  6223.992     46.6   1.39   0.319
6223.719  6224.504     50.4   1.87   0.594  6224.510 V1  0.29  1 -2.01   0.921E-32      6.0   4.14   0.14
6224.339  6225.124      5.8   0.63   0.202
6225.538  6226.323      7.3   0.69   0.148
6225.946  6226.731     56.1   1.24   0.449  6226.740 FE1  26.0
6226.767  6227.552     21.7   0.52   0.165
6228.450  6229.235     86.7   1.66   0.669
6229.294  6230.080     42.0   2.08   0.389
6229.959  6230.744    217.5   5.16   1.565  6230.723 	Fe__1
6230.223  6231.009     47.2   2.49   0.612
6230.530  6231.316     10.7   1.21   0.275
6231.855  6232.641    112.7   2.05   0.505  6232.650 FE1  26.0
6232.405  6233.191     47.4   0.81   0.131  6233.200 V1  0.28  7 -2.07   0.908E-32      5.0   4.10   0.10
6232.758  6233.544      8.6   0.47   0.169
6236.533  6237.319     63.6   1.48   0.287  6237.330 SI1  5.61 12 -1.02   0.436E-29     57.0   7.38  -0.17
6237.589  6238.375     51.4   1.48   0.217  6238.390 FE2  26.1
6237.777  6238.563     12.0   1.41   0.354
6238.582  6239.368     18.1   0.57   0.091
6239.062  6239.848     31.1   3.95   0.950
6239.461  6240.248     53.7   5.30   1.357
6239.856  6240.643     98.2   2.76   0.838  6240.650 FE1  26.0
6240.844  6241.631      5.7   0.46   0.118
6242.040  6242.827     73.1   1.24   0.355
6242.320  6243.107    117.4   1.92   0.676
6242.571  6243.358      9.6   1.63   0.492
6243.024  6243.812     51.7   1.02   0.243  6243.820 SI1  5.61 12 -1.32   0.433E-29     46.0   7.52  -0.03
6243.294  6244.081     14.4   0.55   0.228
6243.686  6244.473     50.7   0.56   0.178
6244.448  6245.235      6.1   0.57   0.138
6244.835  6245.623     75.8   1.77   0.345  6245.620 SC2  1.51  7 -0.97   0.875E-32     36.0   3.05  -0.05
6245.537  6246.325    138.1   3.32   0.947  6246.330 FE1  26.0
6246.773  6247.560     59.9   1.01   0.218  6247.560 FE2  26.1
6248.771  6249.559     41.3   2.14   0.786
6249.650  6250.438      5.1   0.89   0.172
6251.040  6251.828     83.6   0.73   0.218  6251.820 V1  0.29  5 -1.30   0.914E-32     17.0   3.95  -0.05
6251.778  6252.567    165.4   2.90   0.970  6252.560 FE1  26.0
6253.063  6253.852     34.0   2.76   0.851  6253.820 FE1  26.0
6253.461  6254.249    155.8   4.29   1.053  6254.250 FE1  26.0
6254.166  6254.955      8.9   1.47   0.406
6255.192  6255.981     45.7   4.25   1.387
6255.567  6256.356    150.1   6.80   1.203
6256.099  6256.888     37.7   3.35   0.592
6256.927  6257.716     11.4   1.95   0.576
6257.334  6258.123    109.7   8.77   1.732  6258.100 TI1  1.44  1 -0.36   0.298E-31     54.0   4.99  -0.03
6257.829  6258.618    104.9  41.73   1.962
6257.952  6258.741     98.4  41.86   1.417  6258.710 TI1  1.44  1 -0.36   0.298E-31     64.0   5.20   0.18
6258.803  6259.592     34.3   1.19   0.373
6260.329  6261.118    114.1   1.67   0.533  6261.100 TI1  1.43  1 -0.48   0.294E-31     52.0   5.06   0.04
6261.451  6262.240     24.2   2.87   0.812
6264.064  6264.854      7.5   1.22   0.322
6264.346  6265.136    140.3   2.69   1.072  6265.140 FE1  26.0
6264.831  6265.621      8.9   1.15   0.179
6265.258  6266.048      5.5   0.62   0.172
6265.531  6266.321     34.9   0.58   0.149
6266.951  6267.741     14.8   0.63   0.191
6267.749  6268.540     14.0   0.88   0.245
6268.033  6268.823     45.2   0.73   0.258
6268.632  6269.422      8.4   0.37   0.113
6269.164  6269.954     10.4   1.07   0.251
6269.436  6270.227     95.9   1.47   0.745  6270.230 FE1  26.0
6270.497  6271.288     54.5   1.40   0.388  6271.270 FE1  26.0
6270.942  6271.732     18.1   1.04   0.189
6271.222  6272.013      5.4   0.43   0.101
6271.836  6272.626     11.1   0.74   0.196
6272.287  6273.078      9.0   0.57   0.152
6272.563  6273.354      8.7   0.68   0.222
6273.172  6273.963     10.3   0.83   0.287
6273.864  6274.655     62.8   0.82   0.350  6274.660 V1  0.27 99 -1.67   0.888E-32      8.0   3.91  -0.09
6274.958  6275.749      7.5   0.84   0.226
6276.309  6277.100      6.0   0.38   0.094
6276.583  6277.374     49.3   0.48   0.182
6276.851  6277.642     30.3   1.41   0.288
6277.415  6278.207     68.0   6.32   1.305
6278.087  6278.879     59.9   3.28   0.630
6278.517  6279.308     19.4   2.40   0.582
6278.931  6279.723     81.7   6.17   0.527
6279.092  6279.883     42.8   6.07   0.385
6279.849  6280.640    156.4   5.31   1.582  6280.620 FE1  26.0
6280.403  6281.195     31.2   2.98   0.509
6281.195  6281.987     30.8   1.24   0.469
6281.890  6282.682    114.3   5.82   1.709
6282.483  6283.275      9.7   0.82   0.170
6282.727  6283.519     22.3   0.83   0.399
6283.800  6284.592     24.6   1.04   0.238
6284.374  6285.166     73.6   1.50   0.393  6285.170 V1  0.28 99 -1.51   0.896E-32     10.0   3.87  -0.13
6285.057  6285.850      6.7   0.41   0.134
6285.346  6286.139     33.4   0.39   0.128
6285.791  6286.584     12.3   0.79   0.157
6285.975  6286.767      5.3   0.78   0.227
6286.528  6287.320      9.7   0.48   0.096
6286.776  6287.569      5.8   0.47   0.112
6287.518  6288.310      9.6   0.84   0.228
6287.749  6288.542     13.5   0.85   0.327
6289.405  6290.198     16.4   0.62   0.202
6289.762  6290.555     21.8   1.37   0.375  6290.540 FE1  26.0
6290.193  6290.986    104.2   2.03   0.727
6291.143  6291.936      5.4   1.00   0.257
6292.060  6292.853     90.0   2.06   0.787
6292.601  6293.394     15.6   1.03   0.213
6293.012  6293.805     43.1   3.58   1.245
6294.456  6295.250      8.6   0.78   0.208
6295.204  6295.997     35.3   1.67   0.385
6295.703  6296.497     72.4   1.87   0.300
6295.930  6296.724     44.7   1.80   0.432
6297.007  6297.800    128.9   2.52   1.279  6297.800 FE1  26.0
6297.282  6298.076     14.5   1.90   0.386
6298.466  6299.260     35.6   2.06   0.720
6298.806  6299.600     40.9   2.32   0.485
6299.233  6300.027     26.7   2.16   0.805
6299.513  6300.307     25.6   1.33   0.332
6299.884  6300.678     17.9   0.97   0.288
6300.710  6301.504    128.7   2.32   0.948  6301.501 	Fe__1
6301.702  6302.497    107.1   1.80   0.742
6301.999  6302.794     21.2   1.19   0.293
6302.738  6303.533     30.0   0.87   0.168
6302.953  6303.747     40.1   0.88   0.293  6303.760 TI1  1.44 99 -1.57   0.294E-31      8.0   4.97  -0.05
6304.605  6305.400      7.0   1.04   0.316
6304.868  6305.663     51.8   1.11   0.337
6305.245  6306.040      5.7   0.64   0.086
6305.820  6306.615     12.2   1.12   0.447
6306.573  6307.369     18.5   1.16   0.220
6307.070  6307.865     11.7   0.88   0.158
6309.088  6309.883     37.7   0.33   0.075
6309.461  6310.257     23.0   0.78   0.164
6309.864  6310.660     19.5   0.66   0.187
6310.453  6311.249     14.2   1.12   0.157
6310.697  6311.493     79.4   1.23   0.463  6311.500 FE1  26.0
6311.447  6312.243     40.5   0.87   0.262  6312.240 TI1  1.46  1 -1.55   0.299E-31      7.0   4.90  -0.12
6312.097  6312.893     13.2   1.01   0.291
6313.864  6314.660    120.4   2.29   0.800  6314.660 NI1  1.94  1 -1.77   0.277E-31     79.0   6.08  -0.17
6314.265  6315.061     15.9   1.34   0.382
6314.554  6315.350    111.7   4.77   1.055
6315.005  6315.802     78.6   4.79   1.035  6315.810 FE1  26.0
6315.792  6316.588      9.0   0.60   0.184
6316.362  6317.158     10.8   0.56   0.233
6316.708  6317.504      9.8   1.50   0.303
6317.234  6318.030    158.3   5.35   1.238  6318.010 FE1  26.0
6317.916  6318.713     61.6   3.37   0.510  6318.720 MG1  5.11 13 -1.97   0.382E-29     43.0   7.55  -0.03
6318.443  6319.240     43.6   1.79   0.306  6319.240 MG1  5.11 99 -2.21   0.382E-29     27.0   7.51  -0.07
6318.691  6319.488     22.8   1.75   0.337
6318.947  6319.743     10.5   1.67   0.404
6319.610  6320.407     32.1   1.71   0.392
6320.023  6320.819     33.4   1.48   0.283
6321.374  6322.171     34.2   2.98   0.522
6321.895  6322.692    119.6   3.72   0.858  6322.690 FE1  26.0
6323.832  6324.630     11.5   1.31   0.429
6324.364  6325.161     20.9   1.15   0.243
6326.105  6326.903     10.0   0.89   0.264
6326.803  6327.601     92.3   1.49   0.539  6327.600 NI1  1.68  1 -3.15   0.215E-31     40.0   6.35   0.10
6329.297  6330.095     77.2   1.89   0.633  6330.100 CR1  0.94  1 -2.91   0.180E-31     28.0   5.69   0.02
6330.052  6330.850     50.8   0.83   0.297  6330.850 FE1  26.0
6331.186  6331.984     17.5   1.10   0.284
6331.424  6332.222     12.5   1.09   0.311
6334.537  6335.335    150.1   2.69   1.258  6335.340 FE1  26.0
6334.874  6335.673      5.3   1.23   0.296
6335.307  6336.106     30.4   0.51   0.106  6336.100 TI1  1.44 99 -1.74   0.291E-31      6.0   5.00  -0.02
6336.030  6336.829    128.5   2.15   0.724  6336.824 	Fe__1
6337.612  6338.411      5.6   0.48   0.108
6338.078  6338.877     60.4   0.60   0.185  6338.870 FE1  26.0
6338.303  6339.102     67.8   0.59   0.167  6339.120 NI1  4.15 99 -0.55   0.386E-30     44.0   6.20  -0.05
6338.561  6339.360      9.7   0.47   0.079
6339.166  6339.965     11.4   0.57   0.139
6340.653  6341.453      5.3   1.03   0.173
6341.063  6341.862     14.5   1.61   0.327
6341.683  6342.483      9.2   0.79   0.225
6342.078  6342.877      9.5   1.20   0.327
6342.433  6343.233     15.9   1.79   0.368
6343.066  6343.865     20.0   2.38   0.533
6343.346  6344.146    117.6   2.49   0.644  6344.140 FE1  26.0
6343.976  6344.776      7.2   1.30   0.250
6344.439  6345.239      5.0   1.01   0.198
6345.153  6345.953      9.0   0.82   0.212
6346.058  6346.858      6.6   0.62   0.137
6346.273  6347.074     25.3   0.64   0.178  6347.109 	Si__2
6346.514  6347.314     10.7   0.59   0.184
6347.005  6347.806     15.2   0.52   0.170
6347.527  6348.327      5.1   0.68   0.111
6348.666  6349.467      9.3   0.38   0.110
6348.907  6349.708      9.0   0.38   0.118
6349.671  6350.472     17.2   0.73   0.190  6350.500 NI1  4.16 99 -1.81   0.390E-30      5.0   6.23  -0.02
6350.479  6351.280      6.5   0.96   0.272
6351.612  6352.413      7.8   1.18   0.261
6352.736  6353.537      8.0   0.94   0.213
6353.012  6353.813     16.7   0.77   0.182  6353.830 FE1  26.0
6353.754  6354.555     10.1   0.61   0.144
6354.257  6355.058    130.2   2.34   0.364  6355.020 FE1  26.0
6354.459  6355.260     16.0   2.06   0.423
6355.234  6356.035      7.9   0.69   0.218
6356.458  6357.259     10.2   0.53   0.162
6357.259  6358.061      8.1   0.54   0.258
6357.886  6358.688    157.8   2.96   1.320
6358.384  6359.186     11.3   2.04   0.442
6359.008  6359.809     19.6   2.15   0.501
6359.395  6360.197      8.7   1.78   0.290
6359.990  6360.792     44.8   3.29   0.675
6360.395  6361.196     25.1   3.55   0.743
6361.211  6362.013     22.8   3.99   0.840
6361.562  6362.364     40.9   4.39   0.900
6362.061  6362.863     88.1   3.78   0.512  6362.880 CR1  0.94  5 -2.70   0.178E-31     40.0   5.74   0.07
6362.276  6363.078     11.9   3.40   0.222
6362.980  6363.782     11.9   0.71   0.251
6363.570  6364.373     55.4   1.08   0.207  6364.360 FE1  26.0
6363.774  6364.576     28.0   2.70   0.189
6363.904  6364.706     23.9   3.22   0.125
6365.148  6365.951      5.3   0.89   0.170
6365.636  6366.439     75.6   4.02   1.329
6366.621  6367.424     11.4   0.79   0.290
6367.160  6367.963      7.9   1.11   0.308
6368.159  6368.962      8.1   0.82   0.232
6368.655  6369.458     33.9   1.16   0.323  6369.460 FE2  26.1
6369.164  6369.967      6.2   0.63   0.133
6369.575  6370.378     38.3   2.86   0.695
6370.548  6371.351     16.7   0.89   0.316  6371.371 	Si__2
6370.804  6371.607     13.8   0.89   0.240
6373.624  6374.427     15.5   1.12   0.449
6374.766  6375.569     12.3   0.45   0.178
6375.397  6376.201      6.7   0.37   0.109
6376.529  6377.333      5.5   0.42   0.112
6376.767  6377.570      7.5   0.42   0.159
6377.454  6378.258     50.2   1.21   0.244
6378.100  6378.904     12.9   1.50   0.392
6378.829  6379.633     10.8   0.70   0.160
6379.945  6380.750     79.2   0.83   0.259  6380.750 FE1  26.0
6380.262  6381.066     10.4   1.34   0.373
6380.832  6381.636      5.2   0.29   0.086
6381.303  6382.107      8.1   0.35   0.119
6381.790  6382.594      6.5   0.70   0.226
6382.914  6383.718     12.4   0.64   0.093  6383.720 FE2  26.1
6383.136  6383.941     10.4   0.64   0.169
6383.839  6384.643     44.1   1.93   0.441
6384.347  6385.152      8.1   0.73   0.176
6384.914  6385.719     22.0   0.75   0.183  6385.710 FE1  26.0
6386.715  6387.520      5.3   1.09   0.251
6387.562  6388.368     15.7   1.18   0.350
6388.488  6389.294      5.5   0.62   0.253
6389.682  6390.488     27.7   1.15   0.455  6390.490 LA2  0.32 10 -1.39   0.605E-32     13.0   1.81   0.59
6391.367  6392.172     17.3   1.28   0.258
6391.734  6392.540     59.0   0.96   0.269  6392.540 FE1  26.0
6392.332  6393.138     15.2   2.37   0.393
6392.807  6393.613    184.4   5.30   1.077  6393.610 FE1  26.0
6393.396  6394.202     11.8   1.08   0.264
6393.672  6394.478      8.3   0.68   0.184
6394.335  6395.141     11.2   1.02   0.349
6394.592  6395.398      7.5   1.01   0.244
6395.577  6396.383     18.0   0.46   0.103
6397.199  6398.006     16.8   0.83   0.248
6397.511  6398.318      6.3   0.55   0.149
6398.221  6399.028      7.9   0.38   0.118
6398.987  6399.794     25.2   4.02   0.417
6399.212  6400.019    174.6   4.81   1.032  6400.001 	Fe__1
6399.497  6400.304    151.2   3.18   0.878  6400.320 FE1  26.0
6400.014  6400.821      8.6   1.00   0.236
6400.301  6401.108      5.7   0.63   0.204
6401.593  6402.401      5.7   0.57   0.150
6402.310  6403.118     16.1   0.62   0.173
6402.758  6403.565      5.6   0.69   0.196
6404.675  6405.482     17.8   1.17   0.418
6404.956  6405.763     17.1   1.82   0.520
6406.453  6407.261     36.3   1.81   0.490
6406.956  6407.763      9.9   1.26   0.328
6407.212  6408.020    123.4   1.49   0.615  6408.018 	Fe__1
6407.495  6408.303     22.7   1.36   0.212
6407.659  6408.467     16.1   1.22   0.115
6407.874  6408.681      9.2   0.82   0.129
6409.541  6410.349      9.8   0.66   0.163
6410.280  6411.088     14.7   1.95   0.361  6411.100 FE1  26.0
6410.844  6411.652    143.8   2.89   0.973  6411.649 	Fe__1
6412.700  6413.508     15.2   0.95   0.218
6413.117  6413.925      9.4   0.66   0.219
6413.457  6414.265      5.4   0.31   0.058
6413.804  6414.613     31.4   1.00   0.400
6414.159  6414.967     48.7   1.28   0.303
6414.630  6415.439     10.5   0.89   0.282
6416.111  6416.920     46.9   0.59   0.114  6416.919 	Fe__2
6416.943  6417.752     25.7   1.57   0.510
6418.221  6419.030     12.0   1.10   0.320
6418.837  6419.646     33.1   0.98   0.212
6419.146  6419.955    102.3   1.19   0.525
6419.908  6420.717      6.5   0.69   0.210
6420.566  6421.375    174.2   4.39   1.300  6421.360 FE1  26.0
6424.029  6424.839     26.5   0.76   0.168
6424.762  6425.572     12.0   1.03   0.222
6425.000  6425.810      6.1   1.02   0.205
6425.476  6426.286     13.7   0.68   0.247
6425.790  6426.600      5.1   0.56   0.159
6427.559  6428.370      5.9   0.64   0.224
6427.838  6428.648      9.1   0.52   0.216
6429.090  6429.901     18.0   0.63   0.124
6429.512  6430.323     10.8   2.06   0.583
6430.036  6430.846    175.6   3.99   1.509  6430.846 	Fe__1
6430.312  6431.123     11.2   1.74   0.439
6430.925  6431.736     15.7   0.49   0.160
6431.186  6431.996     15.0   0.49   0.147
6431.869  6432.680     58.7   1.34   0.311  6432.680 	Fe__2
6432.643  6433.454     19.2   0.50   0.093
6432.942  6433.753      8.0   0.64   0.201
6434.169  6434.980     17.8   0.37   0.105
6435.577  6436.388     25.0   0.70   0.153  6436.410 FE1  26.0
6436.079  6436.890      5.9   0.76   0.200
6436.853  6437.665     16.2   0.60   0.171
6437.271  6438.083     20.1   0.96   0.395
6437.954  6438.766     17.2   1.79   0.342
6438.263  6439.075    182.3   4.07   2.011  6439.075 	Ca__1
6439.103  6439.915      5.7   0.59   0.202
6440.144  6440.955     12.7   0.73   0.226
6441.678  6442.490      7.7   0.40   0.139
6442.089  6442.901      5.8   0.34   0.078
6442.559  6443.371      7.8   0.60   0.176
6443.405  6444.217      8.0   0.29   0.146
6443.878  6444.691     10.1   0.54   0.149
6448.228  6449.041     30.1   3.35   0.717
6448.443  6449.256     23.7   3.32   0.634
6449.018  6449.831    148.1   4.93   1.462  6449.808 	Ca__1
6449.311  6450.124    124.3  16.99   1.991
6449.489  6450.302    120.0  16.98   0.916
6450.712  6451.526     13.5   0.39   0.120
6451.503  6452.316     28.0   0.53   0.114  6452.320 V1  1.19  1 -1.21   0.229E-31      6.0   4.22   0.22
6454.178  6454.992     41.5   0.50   0.151
6454.793  6455.607     92.8   1.65   0.595  6455.610 CA1  2.52  1 -1.36   0.222E-30     56.0   6.30  -0.06
6455.571  6456.385     68.8   0.90   0.265  6456.383 	Fe__2
6456.042  6456.856     12.1   1.09   0.204  6456.875 	Ca__2
6456.494  6457.308     10.4   1.15   0.313
6457.760  6458.575      6.5   1.00   0.229
6458.868  6459.683      7.0   0.62   0.126
6460.010  6460.824      5.4   0.83   0.175
6461.825  6462.640    265.9   5.79   1.328
6463.425  6464.240     12.6   0.65   0.116
6463.857  6464.672     46.6   0.89   0.285  6464.660 FE1  26.0
6464.441  6465.256     11.9   0.53   0.104
6464.982  6465.797      6.3   0.61   0.152
6465.739  6466.555      5.3   0.75   0.109
6466.173  6466.988     18.1   1.04   0.268
6467.931  6468.747      5.2   1.03   0.215
6468.358  6469.173     87.8   1.33   0.319  6469.190 FE1  26.0
6469.361  6470.176      9.9   0.63   0.145
6469.689  6470.505     13.1   0.84   0.401
6469.996  6470.812     15.2   0.76   0.144
6470.505  6471.321     13.8   0.99   0.234
6470.846  6471.662    127.8   1.97   0.870  6471.662 	Ca__1
6471.298  6472.114      5.5   0.76   0.221
6472.485  6473.301     25.0   0.89   0.259
6473.190  6474.006     18.4   0.87   0.268
6474.816  6475.633    108.3   2.84   0.632  6475.630 FE1  26.0
6475.139  6475.955     40.0   2.87   1.133
6475.812  6476.629     40.0   0.82   0.426
6476.452  6477.268      5.4   0.84   0.323
6477.035  6477.852     20.5   0.70   0.123
6477.510  6478.327     10.1   0.90   0.171
6477.851  6478.668     11.6   0.79   0.181
6478.067  6478.884      5.4   0.79   0.197
6479.187  6480.003     10.5   0.45   0.129
6479.467  6480.284     12.5   0.36   0.121
6480.068  6480.885     38.4   0.89   0.276
6480.282  6481.099      6.7   0.85   0.315
6481.063  6481.880    120.7   2.16   0.831  6481.880 FE1  26.0
6481.406  6482.223     12.0   2.32   0.592
6481.978  6482.795     94.8   1.50   0.470  6482.800 NI1  1.94  1 -2.63   0.264E-31     42.0   6.12  -0.13
6483.107  6483.925     23.5   6.94   0.121  6483.940 FE1  26.0
6483.232  6484.049     46.2   6.93   0.255
6483.892  6484.710     32.0   3.57   0.983
6484.331  6485.149      5.9   1.49   0.294
6484.636  6485.454      5.3   0.80   0.219
6485.500  6486.318     22.9   1.43   0.262
6485.678  6486.496     12.7   1.42   0.258
6486.783  6487.601     18.0   0.58   0.195
6487.299  6488.117      8.0   0.75   0.264
6488.035  6488.853     17.6   0.93   0.238
6489.151  6489.970     16.8   1.23   0.368
6489.518  6490.336     23.8   1.57   0.400
6489.930  6490.748      8.1   1.11   0.200
6490.781  6491.600    106.5   1.72   0.498  6491.561 	Ti__2
6491.872  6492.690      5.1   0.47   0.135
6492.244  6493.063      9.2   0.82   0.155
6492.966  6493.784    175.1   7.43   1.781  6493.781 	Ca__1
6493.708  6494.527     67.0   9.66   2.006
6494.169  6494.988    215.3   9.75   1.662  6494.980 	Fe__1
6494.907  6495.725     63.4   3.03   0.645  6495.740 FE1  26.0
6495.651  6496.470     86.5   5.20   0.542  6496.470 FE1  26.0
6495.862  6496.681     70.4   5.29   0.709
6496.090  6496.909    173.1   7.43   1.228  6496.910 BA2  0.60  7 -0.38   0.107E-31    102.0   2.44   0.31
6496.880  6497.699     26.1   0.75   0.229
6497.565  6498.385     21.3   1.41   0.405
6498.123  6498.942    119.1   2.64   1.197  6498.940 FE1  26.0
6498.416  6499.235      7.0   2.01   0.410
6498.829  6499.648    124.2   2.34   1.087  6499.650 	Ca__1
6500.010  6500.830      6.7   0.39   0.170
6500.371  6501.190     29.4   1.69   0.287
6500.849  6501.669     47.0   2.14   0.385
6501.402  6502.222     15.6   1.75   0.459
6502.025  6502.845      7.1   1.21   0.286
6503.344  6504.164     40.0   0.98   0.243  6504.190 V1  1.18 99 -1.23   0.224E-31     17.0   4.74   0.74
6504.200  6505.020      8.3   1.00   0.210
6504.610  6505.430     19.9   1.07   0.256
6505.763  6506.583      5.3   0.72   0.189
6506.315  6507.135      7.4   0.81   0.212
6507.331  6508.151     18.5   0.80   0.257
6508.009  6508.829     28.0   0.58   0.169  6508.840 CA1  2.52  1 -2.11   0.217E-30     13.0   6.08  -0.28
6508.639  6509.460     22.2   1.99   0.597
6509.248  6510.068      5.3   0.46   0.165
6511.325  6512.146      9.2   0.53   0.112
6511.971  6512.792     16.3   0.98   0.271
6512.238  6513.059     14.4   0.98   0.143
6513.247  6514.069      7.9   1.40   0.386
6513.619  6514.441      7.8   0.83   0.170
6514.264  6515.085      7.9   0.69   0.215
6514.746  6515.567     42.4   2.74   0.661
6515.252  6516.074     72.6   2.55   0.448  6516.080 	Fe__2
6515.860  6516.681     13.9   0.65   0.139
6516.156  6516.977      9.0   1.08   0.216
6516.577  6517.399     62.7   1.86   0.537
6517.086  6517.908     16.8   1.49   0.488
6517.554  6518.375    101.6   3.44   1.082  6518.370 FE1  26.0
6517.976  6518.798     43.6   2.74   0.689
6518.908  6519.730     12.6   1.62   0.299
6519.438  6520.260     24.0   1.59   0.248
6521.940  6522.762     12.2   0.92   0.249
6522.141  6522.964     13.0   0.92   0.192
6523.031  6523.853      5.9   0.82   0.143
6523.859  6524.682     22.4   0.79   0.248
6525.785  6526.608     31.1   1.45   0.377
6526.147  6526.970     19.4   1.54   0.291
6526.382  6527.205     44.0   1.59   0.422
6527.722  6528.545     22.7   0.90   0.133
6530.602  6531.426     41.2   1.12   0.322  6531.410 V1  1.22 99 -0.84   0.232E-31      6.0   3.87  -0.13
6531.112  6531.935      5.8   0.82   0.127
6532.060  6532.884     55.4   0.75   0.347  6532.870 NI1  1.94  1 -3.39   0.261E-31     17.0   6.26   0.01
6532.339  6533.163     33.8   0.48   0.144
6533.114  6533.937     57.3   1.01   0.318  6533.940 FE1  26.0
6533.338  6534.162      5.6   0.94   0.246
6534.050  6534.874     13.4   1.21   0.368
6535.752  6536.576      8.5   1.04   0.177
6536.410  6537.234      9.9   1.34   0.513
6536.684  6537.508      8.7   1.34   0.245
6537.096  6537.920     19.6   1.15   0.245
6537.686  6538.510     10.6   0.77   0.264
6540.443  6541.267     17.8   0.61   0.215
6541.343  6542.168      5.8   0.92   0.173
6542.352  6543.177     16.8   0.84   0.188
6542.665  6543.490      9.9   0.81   0.341
6543.923  6544.748     44.1   0.76   0.200
6544.820  6545.646      5.9   0.60   0.161
6545.424  6546.249    147.7   2.70   0.943  6546.239 	Fe__1
6546.745  6547.570      8.6   0.79   0.248
6547.361  6548.186     11.7   0.89   0.306
6547.677  6548.503     14.3   1.12   0.331
6548.633  6549.458     27.1   0.99   0.173
6549.420  6550.245      8.5   1.01   0.246
6550.581  6551.407      6.2   1.37   0.204
6550.841  6551.666     37.9   1.44   0.244
6551.783  6552.609      5.5   0.91   0.264
6552.643  6553.469     35.7   0.86   0.172
6553.406  6554.232     60.8   1.20   0.262  6554.220 TI1  1.44 99 -1.22   0.273E-31     18.0   5.03   0.01
6553.819  6554.646     11.9   1.68   0.357
6554.276  6555.102      8.5   1.16   0.273
6554.650  6555.477     45.6   1.52   0.269
6555.232  6556.059     76.9   1.92   0.378  6556.060 TI1  1.46 99 -1.08   0.278E-31     21.0   4.99  -0.03
6555.963  6556.789     25.4   0.58   0.192
6557.230  6558.057     38.8   2.91   0.730
6557.670  6558.496      6.7   1.68   0.299
6558.094  6558.921     15.8   1.13   0.349
6558.744  6559.571     57.0   1.80   0.368  6559.588 	Ti__2
6559.432  6560.259     18.7   1.46   0.369
6559.767  6560.594     42.7   1.97   0.586
6560.111  6560.939     15.1   2.77   0.617
6560.536  6561.363     26.4   5.13   1.025
6561.225  6562.052     85.5  14.12   3.128
6561.779  6562.606    540.2   0.11   3.141
6562.224  6563.052    544.7   0.04   3.181
6562.781  6563.608     68.3  11.93   2.893
6563.187  6564.015     39.2   6.73   1.425
6563.847  6564.675     12.9   2.97   0.579
6564.193  6565.021     32.9   3.03   0.626
6564.670  6565.498     29.7   2.88   0.651
6565.063  6565.891     11.5   0.89   0.153
6566.506  6567.334      5.2   0.55   0.159
6568.390  6569.218    100.7   2.35   0.544  6569.210 FE1  26.0
6568.763  6569.592      9.9   1.16   0.335
6569.105  6569.933     11.5   0.90   0.267
6569.386  6570.215      8.9   0.99   0.180
6569.859  6570.688     25.2   2.74   0.771
6570.282  6571.111     15.5   1.29   0.231
6571.447  6572.275      5.9   0.49   0.121
6571.982  6572.811    127.5   2.07   0.588  6572.800 CA1  0.00  1 -4.30   0.859E-32     34.0   6.37   0.01
6573.403  6574.232     96.7   1.97   0.922  6574.250 FE1  26.0
6574.198  6575.027    117.6   2.38   0.826
6574.872  6575.701     37.2   1.43   0.261
6575.407  6576.236     13.8   0.91   0.234
6575.657  6576.486      9.2   0.90   0.226
6576.067  6576.897     10.3   0.59   0.177
6578.011  6578.840      5.2   0.60   0.186
6578.489  6579.319      6.1   0.55   0.081
6579.183  6580.012      7.4   0.78   0.104
6579.388  6580.217     17.8   0.80   0.191
6580.110  6580.940     18.6   1.69   0.452
6580.371  6581.201     83.0   1.85   0.494  6581.220 FE1  26.0
6580.746  6581.576     17.5   2.11   0.579
6581.276  6582.105     10.8   1.14   0.216
6581.831  6582.661     10.6   0.44   0.123
6582.055  6582.885      9.4   0.44   0.103
6582.390  6583.220     10.5   0.62   0.202
6582.872  6583.702     23.3   1.01   0.242
6583.639  6584.469     13.1   1.80   0.587
6584.731  6585.561      9.6   0.83   0.234
6585.482  6586.312     92.8   2.07   0.621  6586.320 NI1  1.95  1 -2.81   0.260E-31     45.0   6.37   0.12
6586.527  6587.358     12.6   0.75   0.232
6586.738  6587.568      7.1   0.74   0.185
6588.244  6589.075      6.7   1.11   0.278
6588.513  6589.344      8.6   1.12   0.286
6590.483  6591.314     18.7   0.83   0.287  6591.310 FE1  26.0
6591.697  6592.528     42.4   2.11   0.533
6592.089  6592.920    160.4   3.27   1.417  6592.914 	Fe__1
6592.418  6593.249      7.3   1.35   0.358
6593.049  6593.880    141.8   3.66   1.371  6593.880 FE1  26.0
6594.245  6595.077      5.1   0.76   0.154
6594.444  6595.275     15.3   0.77   0.097
6595.059  6595.890     13.5   0.59   0.154
6595.386  6596.217      8.6   0.81   0.255
6596.725  6597.556     61.4   0.83   0.299
6597.762  6598.594     39.2   0.86   0.137
6598.278  6599.110     53.5   1.36   0.402  6599.130 TI1  0.90  1 -2.09   0.153E-31      8.0   4.94  -0.08
6599.358  6600.190      7.0   1.41   0.441
6601.482  6602.314      5.2   0.78   0.237
6602.492  6603.325     14.7   0.42   0.115
6603.752  6604.585     72.8   1.21   0.303  6604.600 SC2  1.36  1 -1.31   0.739E-32     36.0   3.22   0.12
6604.748  6605.581     10.4   1.06   0.263
6605.100  6605.933     25.6   1.59   0.526
6606.100  6606.933     25.2   1.77   0.432  6606.950 TI2  2.06 16 -2.79   0.902E-32      8.0   4.90  -0.12
6606.450  6607.283     13.1   1.24   0.364
6607.194  6608.028     57.3   1.00   0.406  6608.040 FE1  26.0
6608.280  6609.113    117.1   4.39   0.786  6609.120 FE1  26.0
6608.810  6609.643     61.7   5.26   1.036
6609.911  6610.744     11.5   0.80   0.241
6611.348  6612.182      5.7   0.56   0.098
6612.596  6613.429     25.7   1.45   0.443
6612.969  6613.803     63.0   1.42   0.370
6615.998  6616.832     11.7   1.22   0.133
6616.172  6617.006      6.7   1.21   0.196
6616.871  6617.706     13.8   1.13   0.222
6617.497  6618.331      8.7   0.38   0.146
6618.796  6619.630      6.1   0.41   0.095
6621.279  6622.114      6.3   0.42   0.128
6621.546  6622.381      5.2   0.42   0.122
6622.962  6623.797     13.4   1.36   0.362
6623.495  6624.331     14.1   0.62   0.117
6624.164  6624.999     83.9   3.26   0.913  6625.040 FE1  26.0
6625.350  6626.185     10.3   0.78   0.194
6626.711  6627.547     50.7   1.23   0.308  6627.560 FE1  26.0
6628.139  6628.975      7.9   0.67   0.184
6629.168  6630.003     42.7   0.70   0.149
6630.332  6631.168     10.1   1.13   0.278
6630.876  6631.712     12.4   1.13   0.311
6631.125  6631.961     12.3   1.13   0.344
6631.607  6632.443     38.2   0.88   0.220
6632.587  6633.423     49.1   2.76   0.969  6633.420 FE1  26.0
6632.926  6633.762     95.7   4.92   1.279  6633.760 FE1  26.0
6633.263  6634.099     67.9   4.85   1.509  6634.100 FE1  26.0
6634.280  6635.116     39.2   0.76   0.244
6634.867  6635.704     14.4   0.53   0.217
6635.501  6636.337      8.6   0.38   0.130
6637.060  6637.896      8.6   1.23   0.392
6638.866  6639.703     45.8   1.45   0.153
6639.052  6639.889     37.5   1.44   0.110
6641.718  6642.555     10.5   0.50   0.111
6642.788  6643.626    155.6   2.57   1.139  6643.640 NI1  1.68  1 -2.30   0.198E-31     94.0   6.63   0.38
6644.098  6644.935      6.0   0.72   0.111
6644.280  6645.118     22.5   0.69   0.117  6645.130 EU2  1.38 11  0.20   0.121E-31      5.0   0.51   0.00
6644.525  6645.363      7.7   0.52   0.219
6645.234  6646.072      7.2   0.69   0.199
6645.904  6646.742     11.3   0.77   0.145
6646.101  6646.939     44.5   0.80   0.135  6646.930 FE1  26.0
6646.430  6647.268      5.2   0.76   0.281
6646.973  6647.811      8.8   0.51   0.101
6647.254  6648.092     54.9   0.55   0.121  6648.080 FE1  26.0
6648.591  6649.429      8.8   0.46   0.111
6649.360  6650.198      7.2   0.61   0.143
6649.629  6650.467      8.9   0.61   0.151
6650.238  6651.076     10.9   0.31   0.087
6650.561  6651.399      5.4   0.39   0.178
6651.395  6652.234     10.2   0.44   0.142
6652.120  6652.959      5.9   0.81   0.237
6652.459  6653.298      8.3   1.07   0.285
6653.001  6653.840     27.2   0.82   0.150  6653.850 FE1  26.0
6653.634  6654.473      6.1   0.84   0.220
6655.481  6656.321      6.6   0.42   0.084
6655.737  6656.576     11.3   0.42   0.082
6656.082  6656.921     14.9   0.46   0.138
6656.651  6657.491      5.1   0.78   0.267
6657.727  6658.567      5.7   0.63   0.246
6658.632  6659.472      7.2   0.88   0.277
6659.039  6659.878     13.8   0.57   0.098
6659.436  6660.275      5.7   0.73   0.145
6660.263  6661.103     25.3   2.80   0.608
6661.088  6661.928      5.1   0.57   0.201
6661.637  6662.477      7.4   0.56   0.208
6662.379  6663.219     52.5   4.95   0.711
6662.594  6663.434    145.2   5.42   1.054
6663.477  6664.317     12.0   0.43   0.134
6664.374  6665.215     18.0   0.72   0.108
6664.605  6665.445     18.3   0.60   0.303
6665.103  6665.944      8.3   0.88   0.296
6665.686  6666.526     20.3   1.43   0.450
6666.347  6667.187     10.4   0.93   0.235
6666.582  6667.423     30.6   0.96   0.271  6667.420 FE1  26.0
6666.876  6667.716     22.1   0.61   0.226  6667.720 FE1  26.0
6667.518  6668.359     20.2   1.44   0.313
6668.058  6668.899     10.8   0.64   0.097
6668.436  6669.277     13.8   0.59   0.338
6670.893  6671.734     14.0   0.47   0.130
6671.757  6672.598      8.9   0.46   0.106
6672.642  6673.483      7.1   0.54   0.194
6673.372  6674.213     10.1   0.78   0.144
6674.042  6674.884      5.1   0.52   0.145
6674.629  6675.471      5.6   0.59   0.173
6675.665  6676.507      7.8   0.67   0.087
6675.872  6676.714      5.9   0.67   0.210
6676.365  6677.207      9.0   0.69   0.114
6676.844  6677.686     11.0   1.85   0.470
6677.154  6677.996    175.2   4.19   1.229  6677.987 	Fe__1
6677.948  6678.790     28.9   2.00   0.389
6679.336  6680.178     16.7   1.24   0.347  6680.130 TI2  3.09 16 -1.86   0.156E-31      9.0   5.01  -0.01
6680.441  6681.283     11.4   0.89   0.340
6680.749  6681.591     10.7   1.19   0.301
6682.440  6683.283     10.5   0.93   0.289
6684.076  6684.918      8.4   0.63   0.160
6686.667  6687.510     13.8   0.89   0.178
6686.945  6687.788      9.8   0.89   0.426
6688.364  6689.208      9.1   0.58   0.130
6689.983  6690.827     15.3   0.85   0.272
6691.462  6692.306      6.4   0.74   0.188
6692.004  6692.847     18.9   0.54   0.110
6693.885  6694.729      7.7   0.55   0.206
6694.535  6695.379      5.5   0.67   0.134
6695.187  6696.031     64.9   1.06   0.227  6696.030 AL1  3.14  1 -1.34   0.819E-30     38.0   6.26  -0.21
6695.461  6696.305     30.0   1.01   0.275
6695.955  6696.799     13.9   1.39   0.441
6696.535  6697.379     15.6   1.75   0.537
6697.271  6698.115      8.4   0.61   0.172
6697.821  6698.666     39.1   0.76   0.134  6698.670 AL1  3.14  1 -1.64   0.818E-30     22.0   6.23  -0.24
6698.296  6699.140     16.1   1.18   0.268  6699.140 FE1  26.0
6701.057  6701.902      6.1   1.13   0.256
6701.690  6702.535      7.6   0.81   0.156
6702.722  6703.567     82.5   1.57   0.507  6703.580 FE1  26.0
6703.121  6703.966      9.6   0.71   0.206
6703.646  6704.491     13.8   0.55   0.131  6704.480 FE1  26.0
6704.256  6705.101     70.1   0.49   0.201  6705.100 FE1  26.0
6706.632  6707.478     16.6   0.37   0.117
6708.107  6708.953      6.8   1.10   0.214
6709.479  6710.325     69.3   1.54   0.375  6710.310 FE1  26.0
6710.445  6711.291      6.9   0.81   0.189
6710.931  6711.777      7.7   1.20   0.259
6711.609  6712.455      8.4   0.85   0.137
6712.244  6713.090     55.5   2.21   0.783
6712.889  6713.735     35.6   0.82   0.152  6713.750 FE1  26.0
6713.965  6714.812      5.0   0.86   0.260
6714.538  6715.385     51.2   2.08   0.490
6715.078  6715.925     12.3   1.35   0.365
6715.355  6716.202     35.8   1.39   0.456
6715.830  6716.677      8.0   0.58   0.126
6716.624  6717.470     24.7   5.25   0.500
6716.831  6717.677    152.5   4.35   0.590  6717.681 	Ca__1
6717.025  6717.872     16.8   6.37   0.354
6718.733  6719.580     22.9   0.51   0.192
6719.969  6720.816      6.2   0.87   0.196
6720.992  6721.839     48.3   0.67   0.129
6721.886  6722.733     10.3   0.76   0.272
6723.837  6724.684      5.8   1.00   0.177
6724.511  6725.359     35.9   1.10   0.295  6725.360 FE1  26.0
6725.821  6726.669     68.3   1.26   0.504  6726.670 FE1  26.0
6727.723  6728.571     10.2   1.12   0.243
6728.176  6729.024     15.0   0.77   0.184
6728.880  6729.728      6.6   0.59   0.202
6729.448  6730.296      9.2   0.42   0.139  6730.290 FE1  26.0
6731.205  6732.053     17.4   0.24   0.089  6732.060 FE1  26.0
6732.302  6733.150     47.9   0.85   0.297  6733.150 FE1  26.0
6732.783  6733.631      8.2   0.70   0.277
6733.395  6734.244     11.3   0.76   0.289
6733.864  6734.713      7.1   0.33   0.099
6734.115  6734.964      7.9   0.33   0.085
6735.737  6736.586      7.1   0.74   0.204
6736.445  6737.294      6.9   0.53   0.219
6737.151  6738.000     49.8   4.47   0.831  6737.980 FE1  26.0
6737.973  6738.823     16.7   0.84   0.145
6738.309  6739.158      6.8   0.66   0.169
6738.669  6739.519     59.4   1.14   0.439  6739.520 FE1  26.0
6739.232  6740.081     17.5   0.47   0.134
6740.752  6741.602     18.3   0.59   0.205
6741.004  6741.854      7.2   0.58   0.083
6741.521  6742.371      5.6   0.78   0.173
6742.273  6743.123     84.6   1.57   0.707  6743.120 TI1  0.90 99 -1.63   0.147E-31     18.0   4.89  -0.13
6742.743  6743.593      6.0   0.98   0.268
6744.258  6745.108     18.6   1.14   0.243
6744.714  6745.565     13.2   0.96   0.217
6745.104  6745.954     16.3   0.49   0.098  6745.960 FE1  26.0
6745.463  6746.313      5.4   0.42   0.154
6746.109  6746.960     25.3   0.54   0.133  6746.950 FE1  26.0
6746.759  6747.610     14.9   2.48   0.581
6747.263  6748.113     11.0   1.39   0.257
6747.525  6748.376     16.7   1.40   0.356
6747.952  6748.803      7.6   0.69   0.218
6748.233  6749.084      6.3   0.75   0.106
6748.454  6749.305      5.1   0.75   0.174
6749.308  6750.159    126.4   3.21   1.493  6750.160 FE1  26.0
6751.864  6752.716     59.2   1.11   0.241  6752.700 FE1  26.0
6752.139  6752.990     12.3   1.04   0.400
6752.601  6753.453     12.9   0.74   0.151  6753.460 FE1  26.0
6753.575  6754.427      6.2   1.62   0.317
6754.020  6754.872     15.6   1.17   0.262
6754.752  6755.603     31.2   0.48   0.131
6755.669  6756.520      8.9   0.92   0.243  6756.540 FE1  26.0
6756.269  6757.121     11.3   0.80   0.228
6756.834  6757.686      6.0   0.54   0.183
6758.010  6758.862     12.8   0.75   0.221
6760.220  6761.073      6.8   0.74   0.156
6760.678  6761.530     13.1   0.69   0.151
6761.289  6762.142     10.7   0.54   0.151
6761.528  6762.380      9.9   0.54   0.103
6763.118  6763.971     10.6   0.93   0.242
6764.375  6765.228      6.0   0.85   0.227
6764.607  6765.460     11.9   1.02   0.187
6764.798  6765.651      6.1   1.07   0.257
6765.296  6766.149      7.6   0.70   0.120
6765.678  6766.531     13.4   1.04   0.306
6766.929  6767.782    130.9   1.93   0.640
6768.801  6769.654     10.6   1.14   0.248
6769.026  6769.879      6.7   1.14   0.281
6770.181  6771.034     89.2   2.66   0.682
6771.465  6772.318     75.4   0.91   0.263
6772.360  6773.214      6.0   0.51   0.146
6773.390  6774.244     19.0   0.79   0.222
6773.960  6774.814      6.0   0.78   0.249
6775.472  6776.326      6.8   0.55   0.244
6776.532  6777.386     21.6   1.02   0.311
6776.724  6777.578      8.3   0.94   0.168
6776.930  6777.785     10.6   0.87   0.118
6779.468  6780.323      8.6   0.50   0.097
6780.518  6781.373      7.5   0.42   0.139
6780.904  6781.759      7.4   0.86   0.195
6781.354  6782.209     21.4   1.55   0.436
6781.621  6782.476     14.2   1.53   0.254
6782.434  6783.289     19.3   1.95   0.393
6782.833  6783.689     56.9   3.33   0.748
6783.355  6784.210     29.6   2.24   0.497
6784.153  6785.009     21.9   2.07   0.442
6784.927  6785.782     17.5   2.25   0.413
6785.520  6786.376     23.5   3.11   0.581
6785.996  6786.851     51.2   1.81   0.388  6786.860 FE1  26.0
6786.239  6787.095      8.9   1.71   0.242
6787.814  6788.670      6.4   0.44   0.123
6788.261  6789.117     14.7   0.78   0.245
6788.676  6789.532      9.9   0.92   0.287
6789.154  6790.010      9.5   0.49   0.110
6789.492  6790.348     12.0   0.40   0.096
6789.709  6790.565     10.7   0.40   0.078
6791.434  6792.290      8.3   0.42   0.147
6792.408  6793.265     35.3   1.76   0.386  6793.260 FE1  26.0
6792.752  6793.608     32.4   1.27   0.363
6793.494  6794.350     11.3   1.49   0.470
6793.764  6794.621     12.4   1.49   0.208
6794.535  6795.392     20.4   0.89   0.238
6794.966  6795.823     12.6   0.76   0.169
6795.254  6796.111     38.3   0.75   0.239  6796.120 FE1  26.0
6795.561  6796.418      7.7   0.74   0.264
6795.938  6796.795     10.0   0.56   0.150
6796.338  6797.195      8.5   0.55   0.165
6796.654  6797.510      5.4   0.69   0.219
6797.604  6798.461     19.3   0.92   0.289
6798.112  6798.969     23.9   0.83   0.279
6798.380  6799.237      7.4   0.81   0.137
6799.210  6800.067      7.1   0.89   0.265
6799.756  6800.613     18.9   0.39   0.147
6801.009  6801.867     12.0   0.66   0.174  6801.863 	Fe__1
6802.313  6803.171      6.6   0.27   0.074
6803.128  6803.986     42.4   0.53   0.091
6803.414  6804.272     30.9   0.54   0.153  6804.277 	Fe__1
6805.993  6806.851     80.5   1.22   0.603  6806.844 	Fe__1
6808.044  6808.902      5.9   0.47   0.115
6809.404  6810.263     67.7   1.79   0.655  6810.266 	Fe__1
6810.625  6811.484      5.9   0.49   0.161
6811.274  6812.132      8.5   0.39   0.081
6811.511  6812.370      8.7   0.39   0.103
6812.731  6813.590     10.1   0.59   0.205
6813.093  6813.952      7.8   0.55   0.126
6813.845  6814.704      7.5   0.93   0.140
6814.086  6814.945     79.8   1.03   0.279  6814.949 	Co__1
6814.834  6815.693      5.4   0.81   0.289
6817.268  6818.128     10.9   0.70   0.151
6818.725  6819.585     23.8   0.71   0.228
6819.505  6820.364     65.5   0.95   0.431  6820.367 	Fe__1
6820.460  6821.319      5.9   0.39   0.129
6821.192  6822.052      6.2   1.08   0.166
6823.988  6824.848      7.3   0.83   0.153  6824.844 	Fe__1
6825.710  6826.570      5.6   0.61   0.177
6827.069  6827.930     17.7   0.91   0.219
6827.421  6828.281      8.0   0.80   0.210
6827.733  6828.594     79.0   1.32   0.593  6828.598 	Fe__1
6832.363  6833.224     18.5   0.73   0.201  6833.234 	Fe__1
6835.747  6836.609      6.4   0.84   0.220
6836.131  6836.993     29.3   0.55   0.167  6837.012 	Fe__1
6837.894  6838.757     47.6   2.49   0.771
6838.973  6839.835     78.5   1.03   0.209  6839.832 	Fe__1
6840.217  6841.080     29.2   1.02   0.325
6840.466  6841.329     89.8   1.11   0.283  6841.344 	Fe__1
6840.887  6841.749      5.5   0.56   0.045
6841.175  6842.038     50.4   0.60   0.182  6842.035 	Ni__1
6841.818  6842.681     61.3   1.08   0.289  6842.691 	Fe__1
6842.792  6843.655     86.1   0.83   0.234  6843.656 	Fe__1
6843.851  6844.714     14.2   0.41   0.124
6845.151  6846.014      5.9   0.61   0.232
6845.418  6846.281      7.9   0.62   0.145
6845.689  6846.552      8.9   0.61   0.171
6846.690  6847.553     14.3   0.80   0.216
6847.693  6848.556     23.1   0.79   0.340  6848.566 	Si__1
6848.390  6849.254     10.2   0.50   0.151
6849.538  6850.401     15.5   0.94   0.201
6850.766  6851.630     29.0   1.20   0.258  6851.641 	Fe__1
6853.480  6854.345     13.9   0.91   0.257
6853.963  6854.827     21.9   0.85   0.200  6854.820 Fe__1
6854.301  6855.165     92.3   3.07   0.515  6855.164 	Fe__1
6854.858  6855.722     39.3   3.01   0.561  6855.715 	Fe__1
6856.388  6857.252     40.7   1.19   0.251  6857.250 Fe__1
6857.289  6858.154     70.7   0.66   0.349  6858.148 	Fe__1
6859.426  6860.291     39.2   2.70   0.686
6860.056  6860.921     17.8   2.22   0.448
6860.583  6861.448     32.6   3.40   0.588  6861.453 	Ti__1
6861.069  6861.934     65.7   4.77   0.526  6861.937 	Fe__1
6861.624  6862.489     52.6   3.58   0.556  6862.496 	Fe__1
6863.444  6864.309     11.4   0.65   0.187  6864.312 	Fe__1
6865.458  6866.323      8.6   0.98   0.218
6866.881  6867.746      5.1   0.86   0.174
6867.274  6868.139    164.7   4.31   1.507
6867.565  6868.431    143.7  12.48   2.378
6868.204  6869.070    278.7  11.29   2.148
6868.552  6869.418    184.1  10.18   2.313
6868.960  6869.826    339.3  12.75   3.522
6869.540  6870.406     44.8   8.23   1.892
6869.946  6870.812    246.0   9.63   3.367
6870.640  6871.506     21.9   2.90   0.490
6870.986  6871.852    202.9   4.56   1.568
6871.297  6872.163    242.7  10.77   1.636
6871.571  6872.438     67.5   9.01   1.160
6872.275  6873.141    190.5  12.86   2.954
6872.792  6873.658    174.7  34.42   3.901
6872.906  6873.772    130.9  35.82   3.049
6873.800  6874.667    179.4   7.35   2.591
6874.246  6875.113     14.4   3.39   0.714
6874.653  6875.520    206.6   7.18   2.845
6875.101  6875.968     29.1   4.36   0.830  6875.992 	Fe__1
6875.610  6876.476    186.0   9.05   2.395
6876.376  6877.242      6.5   2.27   0.403
6876.724  6877.591    169.6   6.49   2.596
6877.315  6878.182     14.9   3.23   0.535
6877.645  6878.512    155.6   5.45   2.062
6878.249  6879.116     26.4   2.07   0.333
6878.679  6879.546     10.0   1.90   0.370
6879.051  6879.918    144.5   4.51   1.965
6879.698  6880.565     19.9   2.97   0.731
6879.920  6880.788    112.5   3.31   1.084
6880.558  6881.426     10.8   0.55   0.075
6880.843  6881.710     48.1   0.58   0.140
6881.654  6882.522     56.1   3.50   0.647  6882.516 	Cr__1
6882.186  6883.054     57.7   2.71   0.480  6883.059 	Cr__1
6883.840  6884.708    130.3   5.16   2.305
6884.890  6885.758     58.9   1.20   0.309
6885.766  6886.634    145.8   6.07   2.391
6886.373  6887.241     15.9   3.37   0.639
6886.748  6887.616    176.4   5.33   2.542
6887.079  6887.947      9.0   2.27   0.540
6888.605  6889.473      9.0   2.30   0.546
6888.953  6889.822    170.1   5.58   2.836
6889.314  6890.182     15.1   3.09   0.540
6889.909  6890.777    187.3   8.24   2.920
6891.596  6892.465      6.5   0.97   0.203
6892.034  6892.903      9.5   2.74   0.605
6892.384  6893.253    184.0   7.45   3.120
6892.930  6893.800     14.0   3.51   0.603
6893.318  6894.187    195.0   7.31   2.960
6894.033  6894.902     40.3   2.31   0.413
6894.403  6895.272     12.7   1.49   0.388
6894.832  6895.701      8.9   0.78   0.163
6895.124  6895.993     12.5   0.87   0.166
6895.705  6896.574     11.8   2.79   0.560
6896.045  6896.915    171.6   5.85   2.980
6896.443  6897.312     12.5   2.87   0.413
6896.973  6897.843    180.1   7.65   2.940
6897.401  6898.270     45.4   3.82   0.917  6898.293 	Fe__1
6899.598  6900.467     26.1   1.99   0.343
6899.964  6900.834    164.5   6.43   2.898
6900.524  6901.394      8.3   3.43   0.592
6900.876  6901.746    173.7   7.11   3.388
6901.980  6902.850     22.1   0.86   0.262
6904.126  6904.997    145.8   5.66   2.747
6904.461  6905.332     20.6   4.69   0.728
6905.026  6905.896    155.3   8.00   3.049
6905.401  6906.272     31.7   1.98   0.323
6908.541  6909.412    124.1   5.72   2.678
6909.434  6910.306    136.2   5.25   2.572
6910.648  6911.519     48.3   2.04   0.766
6912.387  6913.259      8.6   1.06   0.209
6912.743  6913.614      5.1   1.08   0.267
6913.222  6914.094    119.4   7.63   2.450
6913.552  6914.424    101.6  28.12   3.455
6913.759  6914.631    137.7  28.67   2.929
6914.075  6914.947    123.7   6.17   2.110
6915.812  6916.684     86.4   2.06   0.485  6916.684 	Fe__1
6917.502  6918.374     24.8   1.25   0.304
6918.126  6918.999     82.5   2.87   1.277
6919.013  6919.885     80.3   2.86   1.421
6919.305  6920.177     17.2   2.62   0.563
6922.420  6923.293      8.7   0.44   0.146
6923.318  6924.191    129.0   3.39   1.656
6924.195  6925.068     78.0   2.74   0.636
6924.414  6925.287     73.5   2.72   0.485  6925.273 	Cr__1
6925.045  6925.918      7.9   1.44   0.208
6925.234  6926.107     46.1   1.48   0.356  6926.090 Cr__1
6926.512  6927.385      6.0   0.75   0.179
6926.728  6927.602     13.3   0.75   0.079
6927.317  6928.190      9.2   0.75   0.240
6928.298  6929.172      9.5   0.90   0.152
6928.757  6929.630     38.2   2.39   0.565
6929.288  6930.161     47.0   3.16   0.806
6929.611  6930.484     61.5   1.44   0.343
6929.849  6930.722     45.5   1.41   0.329
6930.598  6931.471      6.0   1.22   0.334
6931.010  6931.883      8.0   0.60   0.154
6931.319  6932.193     21.8   0.68   0.289
6931.753  6932.627     13.3   0.53   0.121
6932.168  6933.042     47.2   2.97   0.520  6933.020 Fe__1
6932.751  6933.625     76.5   3.28   0.629
6933.565  6934.439     29.6   0.95   0.132
6933.823  6934.697     42.6   0.97   0.112
6934.463  6935.338     25.1   1.46   0.427
6935.284  6936.159     26.3   0.67   0.223
6935.597  6936.471     13.2   0.54   0.117  6936.496 	Fe__1
6935.858  6936.732     14.6   0.54   0.160
6936.632  6937.507      7.6   0.64   0.230
6936.911  6937.786      5.7   0.64   0.133
6937.727  6938.602     68.7   2.81   0.724
6938.229  6939.104     30.1   2.20   0.458
6938.941  6939.815      6.4   0.82   0.187
6939.647  6940.521     59.1   3.74   0.570
6940.220  6941.095     91.7   5.10   0.843
6941.228  6942.103     43.0   1.51   0.338
6941.519  6942.394     10.7   1.45   0.345
6942.172  6943.048     80.6   1.77   0.294
6942.401  6943.276     41.5   1.68   0.466
6942.754  6943.630     17.8   1.81   0.644
6943.838  6944.714     86.0   7.01   1.787
6944.317  6945.192    149.6   8.47   1.983  6945.211 	Fe__1
6945.516  6946.391      7.1   1.49   0.346
6946.591  6947.466     34.7   0.88   0.263
6947.138  6948.014     11.1   1.22   0.319
6947.552  6948.427    121.3   1.50   0.548
6947.953  6948.829      6.4   0.97   0.216
6948.374  6949.250     10.3   0.82   0.215
6949.050  6949.927     67.9   0.53   0.101
6949.907  6950.783     23.9   1.42   0.309
6950.373  6951.249     75.7   3.97   0.895  6951.246 	Fe__1
6950.734  6951.610     51.6   3.69   1.391
6951.302  6952.178     14.9   1.94   0.585
6952.166  6953.043     32.2   1.77   0.464
6952.584  6953.461     15.2   0.88   0.176
6952.987  6953.864      9.5   0.97   0.351
6953.607  6954.484     67.2   4.59   1.012
6954.191  6955.068     40.1   5.41   0.952  6955.035 	Ni__1
6954.725  6955.601     11.9   1.68   0.354
6955.545  6956.421     10.2   0.92   0.162
6956.449  6957.326    142.2   2.39   0.689
6956.830  6957.707     27.6   1.44   0.291
6957.239  6958.117     17.3   1.52   0.426
6958.234  6959.111     16.0   0.60   0.173
6958.526  6959.404     13.9   0.60   0.143
6959.024  6959.901      8.7   0.91   0.237
6959.457  6960.335     90.3   2.29   0.640  6960.320 Fe__1
6960.458  6961.336      9.0   1.19   0.229
6960.999  6961.877     11.3   2.08   0.526
6961.263  6962.140     91.0   2.32   0.927
6961.962  6962.840     18.1   1.08   0.346
6962.666  6963.544     15.9   1.07   0.273
6964.540  6965.418     67.6   2.77   0.574
6965.048  6965.926     32.1   2.13   0.300
6965.826  6966.704      9.9   2.46   0.117
6965.966  6966.845     11.6   2.46   0.180
6967.712  6968.590     14.0   0.63   0.120
6969.343  6970.222      5.2   0.91   0.203
6969.561  6970.440     22.2   0.93   0.202  6970.469 	Fe__1
6970.024  6970.903     15.1   1.36   0.314
6970.645  6971.524     21.0   2.48   0.625
6971.018  6971.897     57.6   2.67   0.875  6971.937 	Fe__1
6973.367  6974.247     17.3   0.64   0.159
6973.835  6974.714     26.9   0.68   0.133
6974.332  6975.212     15.4   1.24   0.266
6974.544  6975.423     29.0   1.26   0.150
6975.375  6976.254     27.2   1.86   0.279
6975.658  6976.538     44.5   1.90   0.710  6976.504 	Si__1
6976.033  6976.913     36.3   3.10   0.679  6976.926 	Fe__1
6976.526  6977.405     38.6   2.14   0.500
6977.527  6978.407    136.6  11.99   2.861  6978.398 	Cr__1
6977.942  6978.822    137.9   9.91   3.088  6978.859 	Fe__1
6978.244  6979.124     26.5   1.67   0.406
6978.539  6979.419     10.3   1.64   0.209
6978.909  6979.789     65.7   1.38   0.539  6979.797 	Cr__1
6980.038  6980.918     14.5   1.27   0.326  6980.937 	Cr__1
6980.373  6981.253      6.1   0.48   0.120
6980.712  6981.592     15.8   0.69   0.176
6980.915  6981.795     13.8   0.69   0.118
6981.490  6982.370     26.5   1.50   0.467
6983.623  6984.503     19.1   1.46   0.476
6984.882  6985.763     32.4   1.47   0.449
6985.703  6986.584     20.8   1.54   0.375
6986.193  6987.073      8.2   1.50   0.300
6986.587  6987.468     74.7   1.69   0.713
6987.662  6988.543     87.1   3.24   0.879  6988.527 	Fe__1
6988.703  6989.584     28.7   2.44   0.447
6988.997  6989.878    106.4   2.71   1.064
6990.381  6991.262     36.2   1.38   0.470
6991.006  6991.888     18.9   1.02   0.234
6991.909  6992.791     19.3   1.15   0.442
6992.832  6993.714     12.9   0.81   0.223
6993.514  6994.396     83.1   2.98   0.949
6994.085  6994.967     71.3   3.72   0.966
6994.604  6995.486     13.0   1.46   0.337
6995.786  6996.668     16.6   1.25   0.141  6996.656 	Ti__1
6995.973  6996.855     13.5   1.25   0.136
6997.129  6998.012     13.0   0.82   0.281
6998.077  6998.959     73.5   3.51   0.869
6998.696  6999.578     30.1   3.45   0.706
6998.989  6999.871    133.0   3.98   1.757  6999.895 	Fe__1
6999.357  7000.239     24.5   2.17   0.538
6999.742  7000.624     48.8   1.42   0.371  7000.617 	Fe__1
