7000.668  7001.551     43.0   0.92   0.257  7001.547 	Ni__1
7001.202  7002.085      8.4   1.20   0.280
7002.153  7003.036     13.6   0.48   0.077
7002.694  7003.577     59.9   0.68   0.137  7003.570 Si__1
7003.082  7003.965     21.4   0.44   0.187
7003.388  7004.271      8.0   0.58   0.172
7003.802  7004.685     36.0   0.94   0.270
7004.348  7005.232     25.0   0.87   0.238
7004.766  7005.649     78.7   3.24   0.536
7005.061  7005.945    102.1   3.35   0.900
7005.655  7006.539     24.4   3.02   0.493
7006.129  7007.012     27.3   3.11   0.842
7006.703  7007.586     14.0   1.36   0.293
7007.082  7007.966     52.8   0.98   0.367  7007.969 	Fe__1
7007.488  7008.371      6.2   0.61   0.159
7008.257  7009.141     19.5   2.37   0.546
7009.429  7010.312     27.9   0.77   0.167  7010.352 	Fe__1
7009.916  7010.800     23.7   1.68   0.523
7010.473  7011.356     34.3   1.15   0.221
7011.005  7011.889     34.9   0.97   0.264
7011.327  7012.211     45.8   1.13   0.293
7011.714  7012.598     48.3   1.67   0.429
7012.403  7013.287     10.0   0.71   0.139
7013.374  7014.258      6.3   0.67   0.186
7013.691  7014.576     18.5   1.29   0.345
7014.126  7015.010     38.2   1.94   0.498  7014.984 	Fe__1
7015.211  7016.095    119.8   4.65   1.392
7015.539  7016.424    133.0   9.92   1.675
7015.822  7016.706    101.8   9.50   1.868
7016.449  7017.333     97.1   5.71   0.831  7017.301 	Si__1
7016.768  7017.652     47.8   1.63   0.484  7017.660 Si__1
7017.243  7018.128     17.3   2.50   0.801
7018.179  7019.064     14.6   0.88   0.313
7018.409  7019.293     11.4   0.87   0.158
7019.350  7020.235     36.9   0.52   0.113
7020.107  7020.992     13.2   0.71   0.113
7020.613  7021.498      8.8   0.89   0.271
7020.878  7021.763      7.8   0.92   0.213
7021.512  7022.397     23.8   1.76   0.267  7022.387 	Fe__1
7022.075  7022.961     91.2   4.52   0.712  7022.957 	Fe__1
7022.593  7023.479     39.5   3.75   0.533
7023.201  7024.087     62.1   2.00   0.527  7024.066 	Fe__1
7023.514  7024.400     88.8   1.89   0.387
7023.747  7024.632     74.8   1.68   0.164  7024.645 	Fe__1
7023.982  7024.867     37.3   1.51   0.240  7024.875 	Ni__1
7024.793  7025.679     27.2   1.40   0.427
7025.249  7026.134     15.6   0.92   0.253
7025.749  7026.635      8.9   0.49   0.119
7026.419  7027.305     24.5   1.82   0.395
7026.726  7027.612     20.2   3.65   0.305
7026.956  7027.842     45.9   3.77   0.716
7027.495  7028.381     83.2   7.81   0.947
7028.052  7028.938     59.2   7.99   1.665
7029.120  7030.006     47.8   0.54   0.107  7030.020 Ni__1
7029.438  7030.324      8.7   0.41   0.111
7030.015  7030.901     16.5   1.03   0.168
7030.188  7031.074     23.1   1.03   0.160
7031.205  7032.092     10.7   0.93   0.175
7031.431  7032.318     40.8   0.95   0.125
7031.685  7032.571     11.1   0.84   0.198
7032.505  7033.392     10.1   0.67   0.130
7033.187  7034.073      9.5   1.58   0.127
7033.479  7034.366     25.1   1.61   0.289  7034.375 	Ni__1
7034.009  7034.896     65.3   2.65   0.451  7034.906 	Si__1
7034.957  7035.844      8.9   0.82   0.278
7036.512  7037.399     16.2   1.20   0.258
7037.353  7038.240    130.4  14.08   2.581  7038.223 	Fe__1
7037.836  7038.723     87.7  10.60   2.785
7038.361  7039.248      8.0   0.82   0.155
7038.887  7039.775     15.1   1.72   0.604
7039.251  7040.139     21.5   1.45   0.312
7039.803  7040.691     65.0   1.15   0.370
7041.748  7042.636     10.0   1.14   0.291
7043.716  7044.605     27.9   1.81   0.405  7044.637 	Fe__1
7044.154  7045.042     22.3   1.27   0.343
7044.464  7045.352     28.1   0.94   0.229
7044.881  7045.770      9.1   0.70   0.226
7046.100  7046.988     15.0   1.54   0.481
7046.872  7047.760     11.3   1.18   0.346
7049.787  7050.676      7.3   1.20   0.282
7050.513  7051.402     10.7   0.45   0.107
7050.866  7051.755     41.8   0.85   0.225
7051.491  7052.380     37.3   3.63   0.669
7051.981  7052.870    120.7   4.04   0.680
7052.432  7053.321     20.0   2.07   0.469
7052.758  7053.648     39.9   0.87   0.315
7053.112  7054.001     28.4   0.41   0.151  7054.027 	Co__1
7053.693  7054.582     15.9   1.12   0.326
7054.773  7055.662      7.2   0.99   0.181
7055.017  7055.906     27.7   1.01   0.174
7057.022  7057.912     35.7   1.46   0.419  7057.953 	Fe__1
7058.190  7059.080     12.8   0.51   0.144
7058.613  7059.503     20.9   0.86   0.226
7059.111  7060.001     19.3   1.12   0.249
7059.523  7060.413     66.5   1.30   0.367
7060.456  7061.347     26.6   0.92   0.302
7061.559  7062.450     19.8   0.81   0.210
7062.063  7062.953     51.2   0.93   0.257  7062.973 	Ni__1
7062.676  7063.567     20.6   1.07   0.352
7063.458  7064.348     16.8   0.75   0.137
7064.328  7065.219     17.7   0.50   0.124
7064.630  7065.520      7.6   1.00   0.313
7065.314  7066.205     51.6   2.73   0.879
7065.651  7066.542     37.1   1.67   0.370
7066.009  7066.900     36.9   2.38   0.545
7066.562  7067.453     24.8   1.85   0.256
7066.954  7067.845     32.3   2.21   0.466
7067.536  7068.427    110.9   3.81   0.804  7068.418 	Fe__1
7068.108  7068.999     21.5   2.05   0.518
7068.642  7069.533     28.8   0.75   0.169  7069.535 	Fe__1
7069.148  7070.039      5.1   0.85   0.134  7070.070 Sr__1
7069.751  7070.642      8.1   1.14   0.225
7070.950  7071.842     39.9   0.81   0.154
7071.911  7072.803     21.9   1.99   0.491  7072.812 	Fe__1
7073.632  7074.524     26.6   1.93   0.543
7075.019  7075.911     21.0   0.56   0.095
7075.359  7076.251     10.0   0.75   0.283
7075.955  7076.847     16.3   0.48   0.099
7077.815  7078.708      9.7   0.80   0.315
7078.202  7079.095     20.0   1.05   0.215
7078.440  7079.332      8.9   1.04   0.179  7079.348 	Fe__1
7078.847  7079.739      9.3   2.13   0.696
7079.608  7080.500     10.5   0.54   0.136
7081.598  7082.491     17.9   0.91   0.319
7082.509  7083.402     37.3   1.99   0.453  7083.395 	Fe__1
7083.015  7083.908     30.1   2.51   0.674
7083.351  7084.244     19.1   0.88   0.250
7083.709  7084.602     39.2   1.33   0.433  7084.621 	Al__1
7084.098  7084.991    135.2   2.08   0.608  7084.977 	Co__1
7084.529  7085.422      9.0   1.05   0.263  7085.473 	C __1
7085.837  7086.730     57.4   1.84   0.542
7086.342  7087.236     15.7   1.42   0.305
7086.738  7087.632     12.6   0.67   0.145
7087.174  7088.068      6.0   1.08   0.273
7087.862  7088.755     15.4   1.05   0.159
7088.173  7089.066     34.5   0.89   0.274
7088.653  7089.547      8.6   0.76   0.165
7089.492  7090.386     99.3   0.70   0.230  7090.391 	Fe__1
7089.808  7090.702     21.9   0.71   0.188
7091.048  7091.942     25.8   0.84   0.238
7091.380  7092.274      9.8   0.82   0.215
7091.936  7092.830     32.4   0.59   0.125
7092.174  7093.068     29.7   0.59   0.103
7092.431  7093.325     13.9   0.54   0.142
7092.723  7093.617      7.6   0.50   0.110
7093.392  7094.287     15.5   0.79   0.318
7094.094  7094.988      7.3   0.57   0.110
7094.313  7095.207     11.0   0.70   0.067
7094.509  7095.403     49.7   0.81   0.121
7094.950  7095.844     11.3   0.70   0.253
7095.530  7096.425     13.4   0.52   0.142
7096.154  7097.048     27.6   2.12   0.629
7096.851  7097.746      9.8   0.69   0.130
7097.231  7098.126      8.2   0.39   0.143
7098.018  7098.912     10.9   0.76   0.211
7098.247  7099.142     15.7   0.76   0.190
7099.192  7100.087     15.9   1.32   0.098
7099.342  7100.237     11.0   1.40   0.108
7100.191  7101.086     14.6   0.81   0.273
7100.804  7101.699     25.5   0.59   0.191
7101.047  7101.943     24.9   0.59   0.174
7101.354  7102.250     10.5   0.67   0.162
7102.028  7102.923      6.3   0.87   0.233  7102.887 	Zr__1
7102.269  7103.164     31.6   0.90   0.188
7102.577  7103.473     20.1   0.44   0.166
7102.844  7103.739      7.7   0.44   0.148
7103.785  7104.681      9.0   0.74   0.122
7104.722  7105.618      7.4   0.86   0.154
7105.246  7106.142     12.9   0.85   0.153
7106.067  7106.963     25.6   4.10   0.908
7106.520  7107.416     61.8   3.72   0.878  7107.465 	Fe__1
7106.976  7107.872     24.7   1.84   0.415
7108.137  7109.033     20.9   1.75   0.421
7109.122  7110.019     19.7   1.34   0.212
7109.319  7110.215      8.4   1.32   0.218
7109.988  7110.885     97.1   0.89   0.202  7110.906 	Ni__1
7110.475  7111.372     12.7   0.67   0.188
7111.260  7112.156     78.5   0.95   0.279  7112.176 	Fe__1
7111.931  7112.828     12.9   0.89   0.335
7112.217  7113.113     28.3   0.91   0.196  7113.168 	C __1
7113.665  7114.562     27.1   1.59   0.384  7114.555 	Fe__1
7114.143  7115.040     20.3   1.18   0.289
7114.471  7115.368     20.0   1.33   0.405
7115.470  7116.367     17.0   0.97   0.171
7115.953  7116.851     18.6   0.70   0.152
7116.323  7117.221     11.5   0.59   0.107
7116.619  7117.516      8.5   0.59   0.125
7116.901  7117.798      9.6   0.60   0.258
7117.184  7118.081     21.4   0.60   0.157  7118.094 	Fe__1
7117.623  7118.520      5.1   0.63   0.171
7118.085  7118.982     11.0   1.13   0.104
7118.330  7119.227     17.0   1.14   0.262
7118.847  7119.745     23.7   1.92   0.380
7119.209  7120.106     46.1   1.91   0.756
7119.754  7120.652     10.8   0.63   0.112
7121.316  7122.214    141.1   3.18   0.769  7122.203 	Ni__1
7121.820  7122.717     13.4   2.56   0.450
7122.542  7123.440     14.8   0.67   0.237
7122.870  7123.768     10.8   0.64   0.167
7123.777  7124.675     11.1   0.34   0.113
7124.080  7124.978     12.0   0.62   0.264  7124.988 	Fe__1
7124.432  7125.331      6.5   0.80   0.187
7124.932  7125.831     11.4   0.83   0.155
7125.197  7126.095     18.5   0.83   0.269
7125.838  7126.736     20.8   0.72   0.228
7126.630  7127.529     48.4   2.86   0.765  7127.566 	Fe__1
7127.154  7128.052      9.7   1.53   0.352
7127.723  7128.622      8.7   0.93   0.151
7128.407  7129.306     25.3   2.76   0.513
7128.930  7129.829     33.3   3.16   0.724
7129.700  7130.599     21.4   2.11   0.428
7130.034  7130.933    124.5   1.56   0.454  7130.926 	Fe__1
7130.483  7131.381     24.0   1.23   0.249
7131.063  7131.962      8.1   0.83   0.232
7131.322  7132.222     10.3   0.83   0.143
7132.082  7132.981     65.7   1.41   0.389  7132.992 	Fe__1
7132.495  7133.394     12.4   1.70   0.398
7134.826  7135.726     41.7   4.24   1.234
7135.598  7136.497     11.2   2.26   0.430
7137.486  7138.386     13.3   0.88   0.160
7138.008  7138.908     42.0   0.76   0.151  7138.902 	Ti__1
7138.319  7139.219     11.8   0.41   0.098
7138.840  7139.740     38.4   2.72   0.844
7139.390  7140.290     25.6   1.93   0.217
7141.616  7142.516     54.2   1.03   0.320  7142.523 	Fe__1
7142.522  7143.422     15.2   1.10   0.300
7143.052  7143.952     27.2   0.72   0.192
7144.387  7145.288     78.6   3.30   0.809
7145.569  7146.470      7.0   0.93   0.209
7145.899  7146.800      8.3   0.69   0.265
7146.413  7147.314     21.1   0.66   0.216
7147.255  7148.156    171.6   5.07   1.801
7147.661  7148.562     60.8   5.92   1.536
7148.884  7149.785     17.3   1.04   0.378
7149.262  7150.163     20.4   0.89   0.300
7149.533  7150.434     14.2   0.88   0.192
7150.125  7151.026     14.7   0.45   0.125
7150.572  7151.474     85.1   1.88   0.313  7151.469 	Fe__1
7151.144  7152.046     24.2   2.21   0.284
7152.410  7153.312     12.5   1.83   0.349
7153.773  7154.675     32.0   1.46   0.340
7154.477  7155.379     43.3   4.71   0.779
7154.778  7155.680     64.6   4.85   1.199
7156.431  7157.333     15.5   2.24   0.511
7157.566  7158.468     40.3   1.44   0.331  7158.477 	Fe__1
7158.773  7159.676     24.3   1.36   0.315
7159.362  7160.264     61.2   4.69   1.369
7159.939  7160.842     19.5   1.60   0.266
7160.735  7161.638      9.9   1.23   0.259
7161.461  7162.364     14.5   1.63   0.224
7162.062  7162.965     21.3   1.48   0.360
7162.655  7163.558     21.6   0.48   0.135
7163.578  7164.481    142.5   8.13   1.981
7164.348  7165.252     71.0   4.89   1.222
7164.657  7165.560     83.2   3.75   0.892
7165.709  7166.612     21.6   1.01   0.216
7166.098  7167.001     48.6   1.49   0.356  7166.969 	Ni__1
7166.668  7167.572     17.1   1.02   0.189
7167.094  7167.997     27.8   3.93   0.649
7167.374  7168.278     60.0   4.10   1.095
7167.908  7168.812    146.5   6.69   2.073
7168.185  7169.088     28.1   5.71   0.789
7169.094  7169.998     40.8   1.79   0.526
7169.606  7170.510     33.0   3.29   0.623
7170.021  7170.925     79.3   7.97   1.838
7170.555  7171.459    103.2   6.52   1.586
7170.910  7171.814     31.3   2.60   0.619
7171.653  7172.557     20.1   1.28   0.279
7171.959  7172.863     25.1   1.49   0.448
7172.775  7173.679    173.6  10.24   2.389
7173.442  7174.346    161.9   6.90   1.493
7173.797  7174.702     96.8   4.91   1.332
7174.142  7175.046     99.1   3.88   1.513
7175.021  7175.925     70.5   1.23   0.405
7175.328  7176.233     28.8   1.09   0.265
7176.054  7176.959    168.3   6.86   2.178
7177.162  7178.066    150.7   8.51   1.869
7177.474  7178.379    242.8  21.96   3.692
7177.726  7178.631     71.9  17.41   2.051
7177.944  7178.849      9.6   8.96   0.650
7178.426  7179.331     60.4   1.35   0.638
7179.093  7179.998     76.0   1.68   0.273  7179.996 	Fe__1
7179.305  7180.210     43.3   1.63   0.280
7179.989  7180.895     13.1   1.96   0.361
7180.288  7181.194     81.7   2.15   0.547  7181.199 	Fe__1
7181.042  7181.948    122.0   9.63   1.595
7181.443  7182.348    148.4  23.63   4.128
7181.657  7182.563    215.7  23.45   3.111
7182.482  7183.387      8.3   0.94   0.228
7182.810  7183.716      6.5   0.74   0.161
7183.961  7184.867     25.2   4.75   0.319
7184.191  7185.097     37.0   4.81   1.207
7184.513  7185.419    324.8   7.42   3.059
7184.865  7185.771     46.1   5.12   1.043
7185.444  7186.350     15.9   0.73   0.169
7186.265  7187.171    333.6  15.54   2.686
7186.470  7187.376    225.5  17.25   3.659
7187.019  7187.925    159.9  11.72   2.154
7187.410  7188.316    269.8  10.88   2.540
7188.241  7189.148     78.4   3.14   0.462  7189.152 	Fe__1
7188.568  7189.475     17.2   0.47   0.152
7188.972  7189.878     46.4   0.84   0.179
7189.200  7190.107     39.6   0.84   0.159  7190.121 	Fe__1
7190.882  7191.788     55.6   6.23   1.638
7191.156  7192.062     45.9   6.15   1.377
7191.525  7192.432    281.0   8.15   2.693
7191.904  7192.811    133.8  11.08   2.610
7192.370  7193.277    115.2  11.79   3.363
7192.721  7193.628     67.9  10.25   2.172
7193.677  7194.584    336.1  16.61   3.310
7194.656  7195.563     11.9   1.05   0.222
7195.058  7195.965    106.9   1.98   0.856
7195.833  7196.740     57.1   1.83   0.237
7196.112  7197.019    129.5   2.02   0.510
7196.774  7197.682      5.2   0.60   0.214
7197.274  7198.181     98.5   1.78   0.380
7197.571  7198.478     49.9   1.66   0.673
7197.883  7198.791     98.9   3.30   0.817
7198.159  7199.067     56.3   3.14   0.828
7198.454  7199.361    122.9   3.30   1.296
7198.866  7199.774     17.0   1.12   0.210
7199.272  7200.179     14.9   0.74   0.216
7199.731  7200.639     13.4   1.88   0.396
7200.158  7201.066     41.0   3.58   1.179
7200.494  7201.402    244.3   4.15   1.203
7200.864  7201.772     94.3   4.79   1.002
7201.246  7202.154    299.8   7.72   3.071
7201.562  7202.470     42.2   5.58   1.255
7202.247  7203.155      7.9   0.63   0.135
7203.677  7204.586     23.1   4.59   0.661
7203.914  7204.822     65.4   4.84   1.541
7204.313  7205.221    236.7   7.54   2.564
7204.629  7205.538     20.8   4.28   0.935
7205.178  7206.086     19.8   0.45   0.101
7206.344  7207.253    324.3  18.65   4.116
7206.503  7207.412    235.3  20.72   3.628
7207.811  7208.720     12.2   0.74   0.145
7208.540  7209.449    107.2   2.07   0.772
7209.526  7210.435    121.2   2.86   1.252
7211.222  7212.131     36.2   2.70   0.870
7211.530  7212.439     35.8   1.98   0.426  7212.441 	Fe__1
7212.020  7212.929     16.5   1.71   0.495
7212.567  7213.476     16.9   0.59   0.134
7212.960  7213.869     21.7   1.09   0.164
7213.896  7214.806     48.4   3.96   1.129
7215.314  7216.224     75.5   2.67   0.619  7216.195 	Ti__1
7215.729  7216.638     19.6   1.98   0.390  7216.676 	Fe__1
7216.539  7217.449    109.7   2.97   1.209
7217.572  7218.482     22.9   2.26   0.359
7218.022  7218.932     27.3   2.53   0.658
7218.768  7219.678     70.4   1.94   0.466  7219.684 	Fe__1
7219.928  7220.839     12.0   1.30   0.224
7220.293  7221.203     74.5   1.00   0.176  7221.207 	Fe__1
7221.532  7222.442     23.9   2.55   0.436  7222.395 	Fe__2
7221.928  7222.839     19.0   2.42   0.503
7222.770  7223.680    103.3   3.98   1.020
7223.216  7224.127     12.5   2.91   0.663
7223.617  7224.528    164.1   3.88   1.600  7224.473 	Fe__2
7225.268  7226.179     39.4   2.02   0.463  7226.207 	Si__1
7227.502  7228.414    149.9   5.72   0.929
7227.790  7228.701     82.2   5.22   1.413  7228.695 	Fe__1
7228.220  7229.131     49.8   4.12   1.022
7230.664  7231.576      6.9   1.34   0.254
7230.996  7231.907      5.6   2.20   0.507
7231.689  7232.601      5.8   1.86   0.405
7232.258  7233.170    112.5   6.92   1.257
7232.905  7233.817    227.7  10.76   2.888
7233.245  7234.157     16.5   3.58   0.692
7234.415  7235.327    139.5   5.71   0.943  7235.336 	Si__1
7234.739  7235.651    287.1   8.54   2.628
7235.539  7236.452     34.9   5.08   0.715
7236.138  7237.050    148.8   6.09   2.172
7236.475  7237.388     43.1   2.63   0.481
7236.705  7237.617      7.1   2.52   0.158
7237.180  7238.092      5.1   1.43   0.265
7237.939  7238.851     18.2   1.57   0.501
7238.969  7239.882     83.6   3.05   0.791
7239.828  7240.740     83.2   3.98   0.523
7240.322  7241.235     32.7   5.09   1.360
7240.717  7241.630    342.2   4.47   1.302
7241.075  7241.988     27.1   3.29   0.777
7243.597  7244.511    276.4  11.08   2.724
7243.833  7244.746    243.3  11.33   2.902
7244.671  7245.584     26.2   1.19   0.199
7244.947  7245.860     24.5   1.18   0.144
7245.664  7246.578    156.6   7.51   2.236
7246.095  7247.009     16.7   1.77   0.271
7247.168  7248.082     72.4  28.77   0.618
7247.286  7248.200     59.7  28.89   0.653
7248.944  7249.857     71.8   1.58   0.637
7249.272  7250.186     12.6   1.01   0.241
7249.732  7250.646     61.4   4.22   1.037
7250.229  7251.143     88.3   7.68   1.218
7250.781  7251.695    103.1   4.99   1.077  7251.711 	Ti__1
7252.048  7252.963     42.6   4.99   1.181
7252.414  7253.328    247.2  10.43   3.571
7252.867  7253.781    128.6  10.45   2.345
7253.252  7254.167    174.4  12.96   3.020
7253.690  7254.604    219.5  13.31   3.899
7254.433  7255.347      9.0   1.30   0.399
7254.808  7255.723      7.1   1.36   0.384
7255.222  7256.137     19.4   1.91   0.316  7256.129 	Fe__1
7257.108  7258.023     43.4   3.39   0.218
7257.383  7258.298     86.4   3.60   0.931
7257.957  7258.872    135.0   4.90   1.174
7258.639  7259.554     27.6   0.75   0.258
7259.094  7260.009      7.1   1.75   0.518
7260.118  7261.033     79.6   7.31   1.783  7260.992 	Fe__1
7260.646  7261.562    135.5   9.06   2.150
7260.974  7261.889    140.8   5.36   1.109
7261.424  7262.340     48.4   3.01   1.089
7262.023  7262.938     67.3   3.69   1.234
7262.716  7263.631     25.1   2.15   0.393
7262.974  7263.890     65.4   2.27   0.676
7263.346  7264.261     38.7   1.50   0.456
7263.777  7264.692     19.1   0.84   0.247
7264.564  7265.480    191.4   8.93   2.073
7265.202  7266.118     52.3   7.94   1.756
7265.588  7266.504    250.3   8.24   3.206
7265.949  7266.865     26.3   3.24   0.659
7266.898  7267.814      9.6   0.83   0.174
7267.412  7268.329      8.7   1.46   0.410
7267.645  7268.562     18.7   1.48   0.312  7268.559 	Fe__1
7268.147  7269.063     22.7   1.12   0.415
7268.539  7269.455     12.4   0.74   0.151
7269.372  7270.289     20.2   0.74   0.218
7269.775  7270.692     77.4   1.86   0.704
7270.120  7271.036     66.5   2.62   0.701
7270.580  7271.497     16.5   1.64   0.220
7271.154  7272.070      7.5   1.74   0.394
7271.898  7272.815     13.5   3.13   0.206
7272.057  7272.974     18.2   3.14   0.207
7272.983  7273.900    265.1   9.46   2.633
7273.836  7274.753      8.7   1.77   0.375
7274.379  7275.296     53.9   1.12   0.231
7275.418  7276.335    154.0   3.99   1.934
7275.821  7276.739     30.4   1.84   0.266
7276.448  7277.365     91.8  10.40   3.584
7276.870  7277.787     95.8  10.39   1.919
7277.375  7278.292    269.8  13.74   2.761
7278.085  7279.003     95.4   4.94   0.753
7278.434  7279.352     34.4   0.70   0.278
7278.772  7279.689     26.8   1.60   0.314
7279.700  7280.618     37.9   1.85   0.348
7280.651  7281.568     36.3   1.47   0.245
7281.071  7281.989     25.0   2.58   0.886
7281.472  7282.390     71.4   2.73   0.578
7281.910  7282.828     47.2   2.69   0.682
7282.283  7283.201     71.8   2.55   0.576
7282.847  7283.765     19.5   2.01   0.525
7283.185  7284.104     33.0   1.05   0.193
7283.931  7284.849     62.2   1.49   0.386  7284.840 Fe__1
7284.334  7285.252     36.0   2.64   0.485  7285.273 	Fe__1
7287.332  7288.251     81.6  34.68   2.083
7287.449  7288.368    146.3  33.36   2.896
7287.809  7288.728    124.2   8.12   2.251  7288.738 	Fe__1
7288.129  7289.047    152.5  15.97   1.523
7288.261  7289.179    113.3  16.37   1.031
7289.356  7290.275     14.8   1.51   0.269
7289.913  7290.832     50.7   6.85   1.754
7290.454  7291.373    300.4  14.70   2.878
7291.072  7291.991     75.7   9.00   1.792
7291.406  7292.325     53.3   6.46   1.164
7292.101  7293.020    200.8  16.33   2.966
7292.674  7293.593     69.9   7.73   1.648
7293.063  7293.983     19.6   1.10   0.219
7293.377  7294.296     47.1   1.19   0.519
7293.838  7294.758      5.1   3.18   0.150
7294.108  7295.028     50.3   3.43   0.426
7294.399  7295.318     48.8   3.32   1.020
7295.011  7295.931    100.8   6.14   1.173
7295.615  7296.534     26.2   2.78   0.556
7296.273  7297.193     21.0   1.78   0.718
7296.664  7297.584      9.1   0.81   0.165
7296.971  7297.891     23.8   0.82   0.220
7297.605  7298.525     18.4   1.16   0.303
7298.207  7299.127     21.9   0.85   0.194
7298.457  7299.377     19.3   0.84   0.140
7298.751  7299.671     19.8   0.79   0.218
7299.379  7300.299      8.4   0.96   0.221
7299.633  7300.554    100.1   1.13   0.198
7299.900  7300.821    100.3   1.17   0.316
7300.283  7301.203     18.0   0.71   0.251  7301.168 	Eu__2
7300.634  7301.554     26.0   1.09   0.175  7301.559 	Fe__2
7300.889  7301.809     17.1   1.08   0.179
7301.372  7302.293     21.3   1.13   0.283
7302.102  7303.022     81.6   7.49   1.339
7302.737  7303.657     51.2   7.63   1.685
7303.211  7304.132    159.2   6.63   1.463
7303.837  7304.758     13.5   3.17   0.642
7304.169  7305.090    201.0   4.10   1.712
7304.588  7305.509      6.2   1.28   0.296
7304.975  7305.896     23.0   0.74   0.197
7305.653  7306.574     79.2   1.97   0.686  7306.570 Fe__1
7307.054  7307.975     96.5   3.91   1.020
7307.447  7308.369     34.2   4.76   1.488
7308.763  7309.684     85.0   2.83   0.803
7309.166  7310.087     28.2   3.31   1.076
7309.527  7310.449    147.6   3.83   1.093
7309.890  7310.812     43.5   2.79   0.840
7310.226  7311.148    155.9   7.11   1.588
7310.850  7311.772     49.2   4.93   1.173
7311.148  7312.070     29.8   4.80   0.543  7312.055 	Fe__1
7311.709  7312.631     21.9   2.11   0.534
7312.086  7313.008     18.2   1.15   0.330
7312.631  7313.553     94.4   3.28   0.817
7313.149  7314.071     27.4   2.74   0.670
7314.605  7315.527     44.1   2.36   0.417
7315.515  7316.437     91.5   2.24   0.776
7315.850  7316.772     59.3   2.45   0.778  7316.770 Fe__1
7316.550  7317.472     21.1   0.97   0.257
7316.880  7317.803     32.9   1.62   0.424
7317.317  7318.239    116.4   3.57   0.754
7317.782  7318.705     26.2   3.03   0.851
7318.106  7319.028     60.0   2.36   0.380
7318.370  7319.292     50.0   2.33   0.478
7318.688  7319.611    129.6   3.10   1.280
7319.775  7320.697     79.8   2.24   0.444
7320.881  7321.804     27.8   2.08   0.535
7321.256  7322.179     10.0   1.95   0.487
7322.392  7323.315     19.7   1.44   0.379
7322.971  7323.894     49.7   1.16   0.336
7323.322  7324.245      8.8   1.36   0.349
7323.973  7324.896     57.3   1.17   0.307
7324.692  7325.615     17.6   1.82   0.265
7325.225  7326.148    129.4   3.30   1.025
7325.515  7326.438     26.3   2.88   0.447
7326.722  7327.646     25.7   2.06   0.668  7327.648 	Ni__1
7327.091  7328.015     28.1   1.57   0.320
7327.378  7328.301     52.0   1.62   0.552
7327.908  7328.832     18.1   1.42   0.278
7328.339  7329.263     31.4   1.70   0.318
7329.172  7330.096     32.0   0.80   0.119
7329.990  7330.914     40.5   0.86   0.264
7330.864  7331.788     61.6   1.79   0.582
7331.311  7332.235      9.3   1.13   0.196
7331.538  7332.462      6.8   1.13   0.238
7332.662  7333.587     50.4   2.15   0.561
7333.014  7333.938     41.9   2.82   0.792
7333.299  7334.224     33.9   2.79   0.589
7333.689  7334.614     87.3   3.58   1.496
7334.084  7335.009      5.5   1.35   0.245
7334.999  7335.924     11.9   1.24   0.195
7335.340  7336.264     58.4   1.47   0.626
7337.071  7337.996      6.3   1.35   0.367
7338.024  7338.949      5.4   1.67   0.311  7338.973 	V __1
7338.414  7339.340      6.3   1.19   0.349
7339.183  7340.109      9.0   1.59   0.317
7341.370  7342.295     15.9   2.82   0.594
7342.972  7343.898     21.5   2.48   0.316
7343.247  7344.173     30.4   2.51   0.425
7343.792  7344.717     99.0  10.60   0.371
7343.970  7344.896     40.0  10.44   0.394
7344.482  7345.408     15.5   2.89   0.498
7344.781  7345.707     39.4   2.98   0.748
7345.545  7346.472      5.4   0.45   0.126
7345.925  7346.851     11.9   1.68   0.380
7346.189  7347.115     18.4   1.70   0.535
7347.540  7348.466     13.4   0.76   0.141
7348.041  7348.967     21.2   1.29   0.403
7348.973  7349.900     13.3   1.65   0.334
7349.244  7350.171     35.4   1.85   0.489
7349.500  7350.427     68.9   1.94   0.643
7350.174  7351.101     90.4   4.09   1.021  7351.113 	Fe__1
7350.561  7351.488     68.6   3.52   1.178  7351.520 Fe__1
7351.206  7352.133      5.6   1.76   0.359
7352.556  7353.483     53.0   2.10   0.607
7353.320  7354.247     14.2   0.84   0.196
7353.644  7354.571     16.4   1.41   0.225
7353.920  7354.847     11.2   1.40   0.461
7354.564  7355.492     56.2   4.86   1.183
7354.955  7355.882    110.9   4.31   1.402  7355.898 	Cr__1
7355.433  7356.360     29.7   0.99   0.233
7355.985  7356.912     15.5   0.42   0.117
7356.286  7357.213     22.9   0.42   0.109
7356.804  7357.732     79.6   1.55   0.551  7357.734 	Ti__1
7357.092  7358.019     47.8   1.48   0.328
7358.914  7359.842     25.5   1.10   0.368
7359.207  7360.135     25.6   1.10   0.411
7360.373  7361.301     56.5   1.10   0.421
7360.631  7361.559     42.8   1.08   0.207
7361.047  7361.975     33.6   1.22   0.146
7361.351  7362.279     56.4   1.26   0.481  7362.285 	Al__1
7361.674  7362.602     59.6   2.21   0.664
7361.984  7362.912     27.2   2.12   0.480
7362.563  7363.491     11.0   2.07   0.265
7363.124  7364.053    100.1   6.56   1.671
7363.770  7364.699     72.9   2.61   0.544
7364.310  7365.239      6.5   1.15   0.152
7365.438  7366.367     39.4   2.75   0.674  7366.371 	Fe__1
7365.707  7366.636     50.2   2.78   0.583
7366.243  7367.172     16.0   1.71   0.316
7367.804  7368.733     11.7   1.72   0.269
7368.435  7369.364     50.1   3.54   0.870
7368.936  7369.865     17.0   1.04   0.206
7369.210  7370.139     83.1   1.13   0.370
7371.504  7372.433     19.2   0.64   0.234
7372.064  7372.993     27.8   0.68   0.196
7373.334  7374.263     17.3   1.25   0.247
7373.574  7374.504     22.4   1.26   0.193
7374.295  7375.225     29.7   0.81   0.119
7374.981  7375.911      6.3   1.77   0.327
7375.539  7376.469     27.8   0.76   0.110
7376.068  7376.998     14.9   0.71   0.223
7376.623  7377.553      5.8   1.12   0.249
7377.846  7378.777     17.7   1.42   0.382
7378.363  7379.293     15.8   0.89   0.224
7379.817  7380.748     16.7   1.03   0.231
7380.434  7381.365     15.3   0.61   0.077
7381.039  7381.969     37.0   1.37   0.358  7381.937 	Ni__1
7381.689  7382.620     38.2   0.66   0.187
7381.993  7382.924     51.9   0.67   0.176
7382.361  7383.292     16.1   0.54   0.148
7382.633  7383.563     15.5   0.54   0.170
7383.054  7383.985      6.2   1.33   0.204
7383.683  7384.614     61.7   5.93   1.034
7384.323  7385.254     90.0   4.33   0.551  7385.242 	Ni__1
7384.936  7385.867     15.9   2.18   0.349
7385.372  7386.303    116.2   2.70   0.718
7386.166  7387.097     11.8   1.58   0.380
7386.744  7387.675     77.9   1.89   0.354
7387.778  7388.709     21.5   0.64   0.123
7388.456  7389.388    155.4   2.96   0.689
7388.875  7389.806     22.3   2.35   0.617
7389.386  7390.317     21.8   0.78   0.169
7390.187  7391.118     33.9   1.96   0.651
7391.273  7392.205     43.2   0.58   0.123
7391.717  7392.649     23.1   0.75   0.190
7392.172  7393.104     19.0   1.06   0.221
7392.677  7393.609    132.1   3.35   0.730  7393.609 	Ni__1
7393.399  7394.332      8.0   1.11   0.194
7394.675  7395.608     12.2   0.92   0.340
7395.601  7396.533     22.5   1.92   0.409  7396.508 	Fe__1
7396.091  7397.023     41.7   2.47   0.436
7396.834  7397.767     14.5   1.27   0.194
7397.045  7397.977     35.9   1.30   0.308
7397.568  7398.500     11.0   0.65   0.303
7397.938  7398.871      8.5   0.42   0.115
7399.251  7400.184    124.0   1.70   0.719  7400.184 	Cr__1
7399.948  7400.881     19.2   1.73   0.138  7400.859 	Fe__1
7400.220  7401.153     21.3   1.74   0.454  7401.121 	Ni__1
7400.755  7401.689     70.5   2.33   0.253  7401.687 	Fe__1
7401.191  7402.124     23.2   2.38   0.679
7402.407  7403.340     12.0   0.40   0.130
7403.833  7404.766      5.8   0.78   0.276
7404.847  7405.780    100.5   1.40   0.393  7405.785 	Si__1
7405.343  7406.277     21.5   1.09   0.201
7405.984  7406.918     13.2   1.22   0.300
7406.246  7407.180     11.2   1.22   0.264
7407.494  7408.428     17.1   0.64   0.272
7407.838  7408.772      9.3   0.43   0.078
7408.164  7409.098     84.8   2.29   0.241
7408.403  7409.337    120.0   2.37   0.459
7408.986  7409.920     10.6   0.98   0.114
7409.789  7410.723     10.8   1.00   0.303
7410.222  7411.156    140.7   2.93   0.736  7411.156 	Fe__1
7410.703  7411.637     27.6   2.39   0.657
7412.068  7413.002      6.8   0.86   0.157
7413.017  7413.952     19.2   1.34   0.283
7413.569  7414.503    133.3   3.54   0.865
7414.338  7415.273     49.2   3.27   0.747
7414.619  7415.554     28.9   3.19   0.664
7414.969  7415.904     66.7  30.58   0.586
7415.068  7416.003     59.7  30.66   0.627  7415.957 	Si__1
7416.145  7417.080     11.8   0.95   0.285
7416.439  7417.374     60.5   1.01   0.367  7417.398 	Co__1
7417.383  7418.318     11.1   0.58   0.181  7418.324 	Fe__1
7417.738  7418.674     79.9   0.98   0.380  7418.668 	Fe__1
7418.398  7419.333     10.4   0.91   0.301
7418.682  7419.618     16.4   0.91   0.336
7419.099  7420.034      9.6   0.59   0.112
7419.368  7420.303     12.0   0.59   0.201
7419.749  7420.684      5.2   0.79   0.216
7420.624  7421.559     32.8   0.91   0.296  7421.562 	Fe__1
7421.046  7421.982      8.2   1.50   0.258
7421.354  7422.290    131.1   1.76   0.812  7422.281 	Ni__1
7422.259  7423.195     13.8   0.72   0.159
7422.575  7423.511    107.1   1.08   0.300
7422.906  7423.842     44.9   1.32   0.478
7423.668  7424.604     26.4   0.72   0.209
7424.706  7425.642      6.9   0.90   0.284
7424.968  7425.904      6.8   0.90   0.234
7425.618  7426.554      9.7   0.67   0.307
7425.892  7426.829      5.4   0.67   0.106
7426.608  7427.545     15.3   0.58   0.161
7426.959  7427.895      6.3   0.48   0.201
7427.700  7428.637      5.1   0.64   0.200
7427.970  7428.907      9.5   0.65   0.214
7428.337  7429.273     11.0   0.54   0.105
7429.604  7430.541     53.1   0.97   0.382  7430.539 	Fe__1
7429.904  7430.840     49.4   0.98   0.343
7430.201  7431.138     18.1   0.92   0.175
7430.669  7431.606     19.8   0.64   0.149
7431.056  7431.993     15.0   0.93   0.302
7431.416  7432.353     14.9   0.79   0.232
7431.823  7432.760     13.7   1.20   0.254
7432.099  7433.036     17.4   1.21   0.402
7432.411  7433.348     18.2   1.17   0.385
7434.147  7435.085      6.1   0.44   0.136
7434.647  7435.585     40.3   0.53   0.170
7435.665  7436.603      6.6   0.55   0.147
7436.144  7437.082     17.5   1.02   0.346  7437.059 	Co__1
7436.683  7437.620     16.5   0.92   0.194
7437.477  7438.415      9.7   0.57   0.192
7438.017  7438.955      6.5   0.98   0.280
7438.344  7439.282      8.5   1.15   0.327
7439.252  7440.189     29.0   0.43   0.149
7439.637  7440.575     30.4   0.44   0.132
7439.975  7440.913     76.2   0.84   0.284  7440.918 	Fe__1
7441.004  7441.942     11.9   1.12   0.186
7441.534  7442.472     21.3   2.41   0.551
7442.083  7443.022     70.2   2.17   0.348  7443.023 	Fe__1
7443.566  7444.505     11.7   0.79   0.251
7444.810  7445.749    149.4   4.02   0.844  7445.758 	Fe__1
7446.467  7447.406     50.8   1.70   0.484  7447.395 	Fe__1
7446.965  7447.904     27.5   1.24   0.227  7447.910 Fe__1
7447.280  7448.219      5.3   1.21   0.428
7447.968  7448.907      9.8   0.83   0.279
7448.448  7449.387     33.4   1.54   0.418  7449.336 	Fe__2
7449.309  7450.248      7.0   1.47   0.109
7449.480  7450.420     21.6   1.48   0.088
7450.492  7451.431     12.7   0.97   0.205
7451.206  7452.145     29.0   0.88   0.149
7451.715  7452.654      5.1   0.77   0.275
7451.975  7452.915     12.9   0.78   0.223
7453.066  7454.006     31.6   1.36   0.194  7454.000__1
7453.273  7454.213      5.2   1.33   0.240
7454.449  7455.389      7.6   0.85   0.210  7455.398 	Si__1
7455.366  7456.306     12.5   0.88   0.224
7455.633  7456.573      5.4   0.88   0.243
7456.027  7456.967      6.7   0.85   0.227
7456.409  7457.349     15.6   0.79   0.268
7456.680  7457.620     12.8   0.78   0.224
7457.114  7458.054      7.3   0.93   0.375
7458.104  7459.045     11.9   0.95   0.287
7458.404  7459.344     13.1   0.94   0.321
7459.650  7460.590     10.4   1.18   0.294
7460.161  7461.102     12.3   1.23   0.268
7460.579  7461.520     77.3   1.49   0.586  7461.523 	Fe__1
7461.382  7462.322    145.1   2.06   0.637
7461.641  7462.582      5.6   1.74   0.371
7462.402  7463.343     18.1   1.05   0.203  7463.391 	Fe__1
7462.952  7463.893     12.2   0.89   0.256
7463.321  7464.262     22.7   0.67   0.177
7465.588  7466.529      7.8   1.25   0.327  7466.523 	Ti__1
7466.542  7467.483      5.1   0.64   0.095
7467.936  7468.877     16.6   0.83   0.172
7469.033  7469.975      9.9   0.98   0.155
7469.699  7470.641      5.3   0.70   0.201
7470.375  7471.317     13.2   1.01   0.367
7470.836  7471.778      8.0   0.91   0.245  7471.746 	Fe__1
7471.573  7472.515     10.8   1.59   0.353
7471.785  7472.727     20.4   1.61   0.371
7472.629  7473.571     35.7   1.10   0.197  7473.559 	Fe__1
7473.590  7474.532     10.7   0.77   0.115
7474.143  7475.085     15.4   2.04   0.567
7474.520  7475.462     12.8   1.49   0.444
7475.181  7476.124     22.9   0.68   0.106
7475.438  7476.381     32.0   0.69   0.136  7476.375 	Fe__1
7476.633  7477.575     28.8   0.96   0.147
7477.891  7478.834     16.1   1.20   0.206
7478.086  7479.029     15.0   1.20   0.188
7478.703  7479.646     16.1   0.61   0.259  7479.695 	Fe__2
7480.748  7481.691     30.0   2.28   0.564  7481.738 	Fe__1
7480.987  7481.930     31.7   2.24   0.308  7481.934 	Fe__1
7481.274  7482.217     26.0   1.96   0.324
7482.149  7483.093     17.8   0.72   0.178
7482.383  7483.327     18.7   0.71   0.144
7482.624  7483.568     11.0   0.68   0.280
7483.344  7484.287     16.6   0.62   0.239  7484.301 	Fe__1
7483.688  7484.631     15.6   1.17   0.276
7485.135  7486.079      7.0   0.68   0.180
7485.700  7486.644     19.6   0.77   0.189
7487.084  7488.028      6.6   1.29   0.181
7488.638  7489.582     37.0   0.74   0.147
7488.897  7489.842      9.8   0.72   0.185
7490.708  7491.652     86.9   1.42   0.569  7491.656 	Fe__1
7491.401  7492.346      8.0   1.00   0.197
7492.099  7493.043      8.5   0.77   0.115
7492.600  7493.544      6.9   0.64   0.183
7493.035  7493.980     18.4   0.73   0.213
7493.452  7494.397     27.1   0.84   0.208
7493.798  7494.743     28.8   1.21   0.286
7494.126  7495.071    154.5   1.87   0.665  7495.074 	Fe__1
7495.136  7496.081     21.2   0.54   0.135
7497.610  7498.555     46.3   1.44   0.436  7498.531 	Fe__1
7498.271  7499.217     17.3   0.82   0.183
7499.240  7500.186     19.7   0.29   0.070
7499.593  7500.539      7.8   0.57   0.128
7500.369  7501.314     10.9   0.54   0.172  7501.266 	Fe__1
7500.772  7501.717     11.1   0.66   0.184
7501.827  7502.772     10.4   0.57   0.163
7502.345  7503.291     11.3   0.42   0.119
7503.137  7504.083      5.3   0.90   0.113
7503.330  7504.276     11.4   0.91   0.114
7503.752  7504.698     11.4   0.97   0.220
7504.002  7504.949     17.0   1.01   0.289
7504.247  7505.193     21.0   1.01   0.181
7505.113  7506.060     40.4   2.84   0.809  7506.016 	Fe__1
7506.312  7507.258     91.2   1.12   0.290  7507.266 	Fe__1
7506.821  7507.768     13.0   0.81   0.247
7507.660  7508.606     11.0   0.52   0.219
7508.474  7509.421      6.7   0.55   0.211
7509.287  7510.234     11.4   1.38   0.275
7509.669  7510.616     17.3   2.64   0.805
7510.080  7511.027    181.6   3.57   1.000
7510.464  7511.411     12.0   1.94   0.638
7511.256  7512.203     14.1   0.45   0.107
7511.489  7512.436      5.4   0.44   0.084
7513.269  7514.216     31.4   0.51   0.095
7513.600  7514.548      7.2   0.59   0.175
7514.040  7514.987      6.9   0.72   0.183
7514.481  7515.428      8.1   0.46   0.109
7514.879  7515.827     17.8   0.51   0.213  7515.832 	Fe__2
7515.238  7516.185      7.3   0.47   0.126
7515.682  7516.630     20.0   0.68   0.219
7516.940  7517.887      9.3   1.02   0.279
7517.752  7518.700     17.8   0.54   0.136
7518.812  7519.760      7.1   0.84   0.338
7519.983  7520.931     10.0   1.15   0.305
7520.591  7521.539     18.2   0.42   0.070
7521.834  7522.782    124.1   2.61   0.493  7522.770 Ni__1
7522.265  7523.213     31.0   1.73   0.504
7522.959  7523.908      9.0   0.82   0.202
7524.169  7525.118    106.5   1.46   0.613  7525.113 	Ni__1
7525.139  7526.087     15.5   1.03   0.291
7525.683  7526.631     21.5   1.81   0.432
7526.262  7527.211      9.9   1.05   0.160
7527.191  7528.140     11.1   0.57   0.150
7527.435  7528.384     17.3   0.57   0.162
7527.861  7528.810      6.5   0.79   0.207
7528.533  7529.482     21.3   0.93   0.243
7529.484  7530.433     13.9   0.67   0.169
7529.876  7530.825     15.0   1.03   0.247
7530.198  7531.147    123.4   2.69   0.614  7531.148 	Fe__1
7530.807  7531.756     28.4   2.15   0.367
7531.137  7532.087      9.5   1.20   0.415
7531.668  7532.617     10.7   1.10   0.301
7532.383  7533.332     50.1   2.67   0.579
7533.919  7534.869     15.5   0.76   0.159
7535.343  7536.293      7.9   0.69   0.254
7535.816  7536.767      8.9   0.57   0.171
7536.453  7537.403     14.8   0.80   0.185
7536.989  7537.939      9.7   0.49   0.118
7537.278  7538.228     11.8   0.49   0.107
7538.232  7539.182      9.2   0.66   0.315
7538.544  7539.494     17.3   0.67   0.130
7539.033  7539.984      9.2   0.84   0.221
7539.492  7540.443     50.9   1.49   0.264  7540.434 	Fe__1
7540.116  7541.067      6.4   1.10   0.252
7540.593  7541.544     17.9   0.63   0.135  7541.531 	Fe__1
7540.971  7541.922     24.5   0.67   0.214
7541.548  7542.499      7.5   0.76   0.152
7542.123  7543.074     14.1   0.50   0.077
7542.471  7543.422     17.3   0.43   0.151
7542.765  7543.716      7.0   0.42   0.144
7543.105  7544.056     11.0   0.63   0.205
7543.491  7544.442      6.2   0.72   0.276
7543.889  7544.841      6.0   1.13   0.248
7544.190  7545.142     14.5   1.14   0.255
7544.904  7545.855     21.7   1.89   0.588
7545.216  7546.167     82.4   2.04   0.221
7545.707  7546.659     25.8   1.13   0.310
7546.036  7546.988     18.5   1.32   0.368
7546.399  7547.350     19.5   1.94   0.633
7546.943  7547.895     42.6   1.62   0.351  7547.895 	Fe__1
7547.359  7548.310     10.8   0.91   0.243
7547.677  7548.629      7.8   0.91   0.167
7548.184  7549.136     19.6   1.37   0.422
7548.564  7549.516     10.3   0.93   0.229
7548.909  7549.861     13.6   0.96   0.213
7549.203  7550.155     15.4   0.96   0.186
7549.855  7550.807     19.8   1.17   0.345
7550.160  7551.111     30.7   1.21   0.294  7551.098 	Fe__1
7550.451  7551.403     10.3   1.18   0.136
7550.748  7551.700      6.5   1.15   0.236
7551.169  7552.121      9.9   0.98   0.341
7551.526  7552.478     17.1   0.48   0.124  7552.484 	Ni__1
7551.861  7552.813     32.4   0.68   0.128
7552.390  7553.342      9.6   1.02   0.275
7552.995  7553.947     29.4   1.55   0.415
7553.339  7554.292     18.4   1.77   0.472
7553.863  7554.816     28.7   2.28   0.559
7554.645  7555.598    130.5   2.96   0.721  7555.602 	Ni__1
7555.307  7556.260      9.1   0.90   0.261
7555.919  7556.872      5.8   0.95   0.173
7556.433  7557.386      5.9   1.01   0.221
7556.735  7557.688     18.6   1.03   0.292
7557.164  7558.117     12.5   0.92   0.198
7557.478  7558.431     14.6   0.93   0.225
7557.881  7558.834     18.4   1.26   0.296
7558.723  7559.676     60.2   2.46   0.446
7558.977  7559.930     18.8   2.35   0.373
7559.607  7560.561     26.6   2.18   0.497
7559.990  7560.943     13.3   1.41   0.471
7560.839  7561.792      8.6   0.86   0.290
7561.253  7562.207      5.1   0.91   0.327
7561.578  7562.532     17.9   1.07   0.285
7562.053  7563.006     36.0   1.15   0.179  7563.016 	Fe__1
7562.366  7563.319      9.3   1.12   0.237
7563.563  7564.517     15.4   0.84   0.254
7564.224  7565.178     13.4   0.53   0.143
7564.534  7565.487     19.5   0.53   0.123
7568.615  7569.569     19.4   0.64   0.210
7569.014  7569.968      9.5   1.05   0.283
7570.443  7571.397      7.6   1.45   0.275
7572.483  7573.438     15.3   1.33   0.246
7573.091  7574.046     88.2   1.60   0.527  7574.043 	Ni__1
7573.628  7574.583      6.2   0.55   0.092
7574.462  7575.417      9.5   0.76   0.161
7577.533  7578.488      6.7   0.89   0.241
7577.800  7578.755      5.8   0.89   0.186
7580.746  7581.701      8.5   0.74   0.105
7581.152  7582.108     11.2   0.82   0.222  7582.113 	Fe__1
7582.841  7583.797    121.0   2.43   0.853  7583.793 	Fe__1
7585.072  7586.028    127.3   2.03   0.660  7586.023 	Fe__1
7587.369  7588.325     34.8   1.71   0.263  7588.301 	Fe__1
7593.804  7594.761    227.8  22.21   3.713
7594.107  7595.064    174.8  21.31   3.308
7594.461  7595.418    165.9  41.87   2.662
7594.568  7595.526    157.8  42.16   2.642
7595.167  7596.124    618.9   2.82   5.097
7595.774  7596.731    243.1  10.04   1.871
7596.240  7597.198    504.0   7.77   2.637
7596.409  7597.367    433.2   9.02   3.103
7596.929  7597.887    104.6  10.21   2.666
7597.450  7598.407    465.6  13.20   4.437
7598.026  7598.984    115.7  16.38   3.230
7598.681  7599.639    514.5  16.62   5.669
7598.875  7599.833    548.7  15.19   5.781
7599.466  7600.424    147.0  19.68   3.700
7600.194  7601.152    615.5   0.05   5.655
7600.448  7601.406    632.2   0.01   6.569
7606.230  7607.189    214.1   3.94   0.269
7607.346  7608.305    192.4   3.53   0.389
7608.638  7609.598    234.9  21.04   4.879
7611.140  7612.099    132.0  22.29   3.816
7612.038  7612.998    620.3   4.78   5.480
7612.642  7613.601    151.3  12.23   3.090
7613.177  7614.137    517.0  11.20   4.567
7613.662  7614.622     91.5   7.51   1.946
7614.060  7615.020     66.8   8.19   1.386
7615.047  7616.007    490.7  15.45   4.641
7615.574  7616.534     94.2  10.73   2.884
7616.115  7617.075    394.7  12.68   4.049
7617.017  7617.978      9.9   1.89   0.517  7617.988 	Fe__1
7618.251  7619.211     78.8   6.85   1.477
7619.574  7620.535     79.0   3.29   0.698
7621.017  7621.978    486.8  15.92   4.663
7621.784  7622.745     38.1   5.52   0.694
7622.559  7623.520     20.9   5.06   0.417
7622.879  7623.840     63.1   5.33   1.649
7623.318  7624.279    536.1  10.44   4.452
7623.878  7624.839    123.5  14.23   3.296
7624.421  7625.382    484.5  13.82   5.215
7624.579  7625.540    466.2  14.39   5.076
7625.061  7626.023     73.8  12.97   2.491
7626.202  7627.164     26.9   2.44   0.594
7626.549  7627.510    102.4   5.59   1.416
7626.983  7627.944    460.0  19.66   4.964
7627.196  7628.158    564.1  14.97   6.692
7628.928  7629.890     87.6  15.48   3.636
7630.235  7631.197     63.6   7.00   0.774
7630.519  7631.481     75.3   7.11   1.682
7630.945  7631.907    470.1  18.61   4.969
7631.191  7632.153    609.4   6.85   7.191
7632.989  7633.952     83.5  11.26   2.550
7633.587  7634.550     10.8   1.81   0.242
7634.186  7635.148     57.9   5.59   0.908
7637.130  7638.092     70.9  10.91   2.142
7637.998  7638.961     11.6   2.14   0.364
7638.314  7639.277     38.9   2.21   0.528
7638.980  7639.943     44.8   5.16   1.306
7640.584  7641.547    517.0  17.49   5.794
7640.767  7641.730    464.5  19.36   4.995
7641.211  7642.174     66.6  10.29   2.025
7642.672  7643.635     17.0   2.53   0.729
7643.772  7644.736     82.3   9.51   2.079
7644.205  7645.168    498.7  10.76   4.387
7644.734  7645.698    144.5  12.36   2.940
7645.274  7646.238    522.1  11.40   4.782
7645.727  7646.691     72.1   9.18   1.825
7646.902  7647.867     14.4   1.13   0.260
7647.179  7648.143     24.6   1.15   0.358
7648.417  7649.381     30.6   6.22   0.529
7648.664  7649.629     64.9   6.46   1.061
7649.043  7650.008    426.0  11.02   4.207
7649.569  7650.534     98.6  11.74   2.559
7650.044  7651.009    389.7  16.89   4.935
7650.186  7651.150    378.3  17.20   4.962
7652.801  7653.766     59.4   1.32   0.421
7653.517  7654.482     47.0   5.86   1.294
7654.096  7655.061    379.2  12.51   4.054
7654.521  7655.486     76.5  11.00   2.333
7655.159  7656.124    374.1  12.80   4.078
7655.527  7656.492     43.1   6.37   0.891
7656.642  7657.607    104.2   2.86   0.571  7657.602 	Mg__1
7658.192  7659.158     83.6   1.79   0.549
7658.673  7659.638      8.3   2.61   0.115
7658.963  7659.929     78.4   2.85   0.507
7659.375  7660.341    303.1  10.26   3.804
7660.030  7660.996     34.7   5.68   1.198
7660.398  7661.364    370.1   7.70   3.199
7660.748  7661.714     29.4   6.21   1.004
7663.306  7664.272    150.6   4.21   0.715
7663.612  7664.578     76.2   3.83   0.742
7663.949  7664.915    209.3   4.98   1.944
7664.355  7665.321     26.7   3.48   0.743
7664.871  7665.837    239.9   7.89   3.126
7665.554  7666.521     11.5   3.16   0.602
7665.944  7666.910    236.5   7.28   3.323
7668.127  7669.093      7.1   1.22   0.215
7668.689  7669.656     27.7   1.09   0.215
7670.609  7671.576    179.6   5.50   2.488
7671.671  7672.638    187.1   6.44   2.694
7676.576  7677.544    133.4   4.59   1.992
7677.222  7678.190     10.5   1.89   0.347
7677.626  7678.594    137.8   4.29   2.062
7678.668  7679.636      5.0   0.81   0.121
7679.299  7680.267     72.9   1.19   0.222  7680.262 	Si__1
7680.835  7681.803      6.4   0.94   0.086
7682.489  7683.458      6.9   3.19   0.731
7682.753  7683.722    104.1   3.58   1.183
7683.809  7684.778     98.9   3.82   1.540
7686.551  7687.520      6.6   0.54   0.156
7687.477  7688.446     16.6   0.75   0.217  7688.418 	Si__1
7688.065  7689.035     39.2   0.55   0.080
7689.189  7690.158     67.0   2.88   1.108
7689.885  7690.855      8.5   1.59   0.435
7690.247  7691.216     74.6   2.16   0.918
7690.579  7691.548     92.0   1.59   0.344
7690.975  7691.944     12.2   0.83   0.177
7692.803  7693.773      7.2   1.25   0.254
7694.683  7695.653     27.6   1.73   0.424
7695.845  7696.816     52.7   1.24   0.583
7696.882  7697.853     40.4   1.42   0.449
7698.000  7698.970    199.0   4.23   1.963
7698.420  7699.391     14.3   1.21   0.221
7698.670  7699.640      7.2   1.20   0.093
7699.346  7700.316      5.8   0.65   0.191
7699.614  7700.585     10.3   0.66   0.122
7699.994  7700.965     11.1   0.97   0.379
7700.385  7701.356      9.8   1.03   0.246
7700.817  7701.788     10.3   0.92   0.260
7701.155  7702.126      9.8   0.84   0.207
7701.595  7702.566     16.5   0.97   0.351
7701.932  7702.904     15.2   1.08   0.267
7702.368  7703.339     10.3   0.89   0.219
7702.742  7703.714     21.4   0.83   0.221
7703.207  7704.178      7.5   0.78   0.178
7703.772  7704.743     28.6   1.50   0.374
7704.620  7705.591     10.5   1.29   0.414
7705.282  7706.253     13.2   1.13   0.324
7706.213  7707.184      8.6   0.79   0.138
7706.431  7707.403      8.7   0.79   0.108
7706.885  7707.856     11.0   0.68   0.276
7707.591  7708.562      5.1   0.54   0.193
7708.073  7709.045      6.8   0.47   0.170
7708.366  7709.338      6.1   0.47   0.069
7708.717  7709.689     13.5   0.72   0.156
7709.395  7710.367     95.1   1.61   0.400  7710.371 	Fe__1
7709.806  7710.778     13.1   0.78   0.220
7710.525  7711.497      6.6   0.89   0.126
7710.744  7711.716     56.9   1.31   0.072  7711.723 	Fe__2
7710.919  7711.891     10.0   1.75   0.087
7711.648  7712.620     37.1   4.86   0.219
7711.801  7712.773     24.3   4.86   0.133
7712.557  7713.529      9.4   1.32   0.410
7713.330  7714.302    176.2   3.36   0.710
7713.659  7714.631     38.5   3.27   0.781
7714.208  7715.181     20.8   2.14   0.408
7714.601  7715.574     90.6   1.23   0.331  7715.582 	Ni__1
7715.988  7716.960      9.4   1.30   0.324
7716.657  7717.630     11.1   0.84   0.217
7717.137  7718.110      7.6   0.46   0.054
7717.382  7718.355      8.7   0.46   0.157
7717.719  7718.692      7.2   0.67   0.209
7718.078  7719.051     52.9   0.81   0.181  7719.055 	Fe__1
7718.396  7719.369      9.8   0.81   0.287
7718.670  7719.643      6.8   0.80   0.163
7719.271  7720.244     13.2   1.23   0.291
7719.752  7720.725     25.3   1.22   0.315
7720.706  7721.679      5.7   0.43   0.142
7721.049  7722.022      5.5   0.95   0.181
7721.612  7722.585     57.2   4.31   0.732
7722.230  7723.203    100.8   3.76   0.799  7723.207 	Fe__1
7722.987  7723.961      9.7   0.74   0.183
7723.271  7724.245      5.5   0.74   0.236
7723.770  7724.744      9.0   1.16   0.171
7724.087  7725.060     17.1   1.17   0.395
7724.605  7725.579     14.9   0.90   0.183
7724.974  7725.948     14.0   0.93   0.326
7725.778  7726.752     11.6   0.74   0.162
7726.636  7727.610    126.4   1.81   0.898  7727.613 	Ni__1
7727.020  7727.994     10.6   0.71   0.173
7727.296  7728.270      5.9   0.72   0.090
7728.371  7729.346      8.8   0.57   0.181
7728.696  7729.671      6.1   0.57   0.103
7729.017  7729.991     14.3   0.59   0.133
7729.822  7730.797      5.7   0.68   0.191
7730.076  7731.051     14.0   0.69   0.150
7730.385  7731.359      8.8   0.63   0.235
7730.745  7731.720     10.9   1.03   0.166
7731.300  7732.275     16.2   2.42   0.573
7731.817  7732.791     13.9   1.60   0.270
7732.114  7733.089     12.6   1.59   0.326
7732.742  7733.717     28.6   1.39   0.232
7733.178  7734.153     12.7   1.16   0.364
7733.558  7734.533      6.0   1.08   0.311
7733.876  7734.851     11.6   1.08   0.320
7734.572  7735.547      7.0   0.65   0.161
7734.987  7735.962     10.0   0.60   0.193
7736.691  7737.666      9.8   0.90   0.156  7737.668 	Fe__1
7738.396  7739.372      6.6   0.66   0.172
7739.591  7740.567      5.1   0.52   0.157
7741.477  7742.453      8.5   0.94   0.213
7741.737  7742.713     84.6   1.03   0.314
7742.957  7743.933      5.1   0.71   0.280
7744.153  7745.129      7.3   0.85   0.324
7744.546  7745.522     36.8   1.00   0.248  7745.516 	Fe__1
7744.924  7745.900      7.5   0.69   0.216
7745.620  7746.596     35.1   0.74   0.211  7746.594 	Fe__1
7746.614  7747.590      5.4   0.53   0.143
7747.295  7748.271    157.6   4.09   1.062  7748.277 	Fe__1
7747.579  7748.556     57.0   3.63   0.718
7747.917  7748.894    118.7   2.86   1.034  7748.895 	Ni__1
7748.591  7749.568      8.0   0.88   0.161
7748.873  7749.850      7.9   0.88   0.250
7750.130  7751.107     68.2   1.09   0.161  7751.109 	Fe__1
7750.393  7751.370      5.8   1.01   0.230
7751.307  7752.285      6.1   0.59   0.188
7752.285  7753.263     10.9   0.73   0.165
7752.871  7753.848      7.5   0.91   0.231
7754.227  7755.204     21.2   0.63   0.283
7757.894  7758.872      6.9   0.79   0.362
7758.308  7759.286     35.8   0.84   0.133
7758.576  7759.554     11.7   0.82   0.406
7759.684  7760.662     22.6   0.92   0.315
7762.308  7763.286      5.5   0.73   0.217
7763.629  7764.608     13.6   1.15   0.335
7764.212  7765.190     12.8   0.90   0.232
7764.500  7765.479     14.0   0.91   0.221
7764.811  7765.790      7.3   0.88   0.296
7766.448  7767.427      6.1   1.02   0.473
7767.288  7768.267      8.2   0.77   0.100
7767.582  7768.561      6.4   0.77   0.153
7770.969  7771.949     35.4   1.54   0.406  7771.961 	O __1
7773.155  7774.135     28.0   1.66   0.143  7774.168 	O __1
7773.320  7774.300      8.1   1.66   0.198
7774.390  7775.370     25.7   3.03   0.123  7775.391 	O __1
7775.690  7776.671      8.5   0.52   0.097
7779.582  7780.563    134.9   1.91   0.581  7780.562 	Fe__1
7784.581  7785.563      6.6   0.94   0.267
7785.363  7786.344      9.9   0.52   0.143
7785.898  7786.879      8.3   0.56   0.173
7787.039  7788.021      7.5   0.75   0.155
7787.939  7788.921    160.2   2.32   0.668
7788.531  7789.513      5.5   0.72   0.212
7788.949  7789.931      5.9   0.26   0.088
7790.168  7791.151      9.6   0.81   0.260
7790.737  7791.720      5.1   0.54   0.123
7791.721  7792.703      7.5   0.34   0.086
7792.052  7793.034      9.0   0.28   0.102
7793.504  7794.487      6.3   0.59   0.119
7794.386  7795.369      5.6   0.83   0.242
7794.949  7795.931      8.3   0.44   0.140
7796.603  7797.586    105.1   1.58   0.617  7797.582 	Ni__1
7797.921  7798.904      6.2   0.74   0.175
7798.247  7799.230     15.8   0.75   0.215
7799.015  7799.999     50.2   0.67   0.098  7799.992 	Si__1
7799.286  7800.270     16.7   0.64   0.138  7800.281 	Rb__1
7799.603  7800.586      5.7   0.58   0.226
7800.182  7801.166      6.3   0.81   0.171
7801.483  7802.466     22.6   1.63   0.377  7802.469 	Fe__1
7803.708  7804.692      7.6   0.88   0.224
7804.564  7805.548      7.3   0.56   0.073
7804.805  7805.789      6.5   0.56   0.113
7805.306  7806.290      9.4   1.01   0.262
7805.723  7806.707      5.0   1.02   0.253
7806.226  7807.210      9.6   1.08   0.201
7806.927  7807.912     84.5   1.51   0.291  7807.914 	Fe__1
7807.488  7808.472      7.7   1.02   0.276
7808.642  7809.627      5.7   0.50   0.185
7809.833  7810.817     43.9   1.71   0.286
7810.141  7811.126     62.2   1.75   0.318
7810.763  7811.748      5.8   1.29   0.168
7811.399  7812.384     11.2   0.60   0.160
7811.733  7812.717      5.6   0.40   0.172
7812.389  7813.374      6.7   0.59   0.134
7812.675  7813.660      9.5   0.60   0.091  7813.641 	Fe__1
7812.968  7813.953      5.1   0.59   0.126
7813.294  7814.279     12.3   0.57   0.193
7813.861  7814.846      9.0   0.93   0.195
7814.245  7815.230      6.8   0.59   0.163
7814.586  7815.571      9.7   0.73   0.144
7814.855  7815.840     15.8   0.78   0.129
7815.106  7816.091      8.5   0.77   0.202
7815.667  7816.652      5.5   0.73   0.224
7815.999  7816.985      7.9   0.50   0.108
7816.328  7817.313     12.8   0.50   0.211
7817.702  7818.688     11.7   0.64   0.222
7817.988  7818.974      7.3   0.63   0.126
7818.352  7819.338      7.5   0.81   0.237
7819.122  7820.108      7.8   1.10   0.227
7819.531  7820.517      7.7   0.89   0.167
7819.804  7820.790     15.5   0.90   0.339  7820.789 	Fe__1
7820.785  7821.771     12.9   0.60   0.158  7821.750 Si__1
7822.106  7823.092      6.2   0.69   0.172
7823.281  7824.268      5.8   0.45   0.117
7825.778  7826.765     27.2   0.61   0.165  7826.754 	Ni__1
7829.785  7830.772      8.7   0.71   0.207
7830.778  7831.765      8.5   1.50   0.385
7831.212  7832.199    146.9   2.50   0.901  7832.207 	Fe__1
7831.618  7832.605     12.5   1.12   0.281
7832.037  7833.025      7.8   0.63   0.113
7833.608  7834.596      8.0   1.06   0.357
7834.307  7835.295     59.5   1.19   0.161  7835.301 	Al__1
7834.639  7835.627     14.1   1.18   0.299
7835.129  7836.117     73.3   1.27   0.251  7836.129 	Al__1
7835.670  7836.658      9.0   0.73   0.171
7836.096  7837.084      9.7   0.68   0.222
7837.153  7838.141     17.6   0.39   0.114
7838.941  7839.929      8.1   0.43   0.099
7839.593  7840.581      8.9   0.69   0.209
7840.434  7841.422      8.4   0.82   0.127  7841.375 	Fe__2
7840.983  7841.971      5.7   0.60   0.159
7841.193  7842.182      7.0   0.60   0.104
7841.988  7842.977     21.7   0.68   0.176
7843.570  7844.558     28.2   0.82   0.239  7844.547 	Fe__1
7843.923  7844.912      7.4   0.67   0.284
7844.179  7845.168      7.6   0.68   0.107
7844.453  7845.442      8.8   0.64   0.107
7845.112  7846.101      8.5   0.46   0.127
7845.382  7846.371      7.4   0.45   0.100
7846.255  7847.244      6.6   0.59   0.175
7847.646  7848.635      6.5   0.62   0.170
7848.402  7849.391      9.8   0.74   0.129
7848.971  7849.961     55.9   1.29   0.357  7849.969 	Si__1
7849.249  7850.239     20.5   1.23   0.237
7849.555  7850.544      7.1   1.14   0.290
7849.908  7850.898     15.5   0.91   0.278
7850.670  7851.659     10.3   0.61   0.159
7851.707  7852.697     28.3   1.03   0.262
7852.894  7853.884     11.4   0.90   0.327
7853.347  7854.337     10.2   0.94   0.140
7853.598  7854.588      7.6   0.94   0.130
7854.104  7855.094     22.3   1.45   0.510  7855.141 	Ni__1
7854.402  7855.392     55.5   1.51   0.338  7855.398 	Fe__1
7854.782  7855.772     14.2   1.13   0.294
7855.205  7856.196      7.5   0.99   0.334
7855.547  7856.537      6.7   0.38   0.096
7855.927  7856.918      8.9   0.58   0.167
7856.235  7857.225      6.6   0.58   0.185
7856.565  7857.555      7.3   0.57   0.200
7857.887  7858.878      8.4   0.47   0.132
7860.029  7861.020     28.3   0.89   0.249
7860.552  7861.543      5.7   1.14   0.328
7860.785  7861.776      9.0   1.14   0.262
7861.376  7862.367      5.3   0.59   0.191
7861.660  7862.651      6.4   0.59   0.099
7862.126  7863.117      6.1   0.55   0.191
7862.783  7863.774     30.4   0.48   0.128  7863.781 	Ni__1
7863.147  7864.138     17.0   0.46   0.122
7863.515  7864.507      8.9   0.66   0.275
7864.417  7865.409     19.0   0.60   0.148
7864.977  7865.969      9.9   0.80   0.324
7865.742  7866.733     12.9   0.87   0.378
7866.062  7867.054     27.0   0.89   0.317
7866.390  7867.382     12.1   0.87   0.144
7866.728  7867.719     11.4   0.62   0.306
7867.089  7868.080      6.2   0.76   0.127
7867.596  7868.588      9.7   0.81   0.196
7868.084  7869.076      6.2   0.68   0.124
7868.624  7869.616     60.3   1.33   0.322  7869.609 	Fe__1
7868.961  7869.953     13.9   1.32   0.462
7869.711  7870.703      8.6   1.58   0.222
7870.008  7871.001     27.6   1.62   0.560
7870.515  7871.507     20.2   1.76   0.477
7870.912  7871.904     10.0   1.08   0.226
7871.785  7872.777     48.6   4.57   1.236
7872.346  7873.339     35.6   2.66   0.450
7872.915  7873.908     38.3   2.60   0.859
7873.251  7874.243     13.7   1.77   0.322
7873.871  7874.864     35.7   1.99   0.465
7874.390  7875.382     22.2   1.92   0.420
7874.954  7875.947     28.0   1.08   0.288
7875.324  7876.317     22.5   0.91   0.262
7876.143  7877.136     22.0   1.77   0.464
7876.405  7877.398     47.0   2.39   0.340
7876.621  7877.614     33.7   2.68   0.316
7877.922  7878.915     21.8   0.83   0.220
7878.778  7879.771     15.6   1.99   0.352  7879.766 	Fe__1
7879.407  7880.400      6.9   1.11   0.271
7879.816  7880.809     33.9   1.01   0.276
7880.690  7881.683     53.6   2.39   0.186
7880.902  7881.896     32.9   2.35   0.225
7881.902  7882.896     31.3   0.79   0.144
7883.447  7884.441     11.2   0.96   0.156
7884.176  7885.170     28.5   1.07   0.314
7884.999  7885.993      9.9   1.38   0.441
7885.781  7886.775     12.8   1.15   0.250
7886.804  7887.798     32.5   1.50   0.303
7887.105  7888.100     27.1   1.50   0.258
7888.360  7889.355     18.5   1.93   0.350
7889.302  7890.296     18.2   0.96   0.247
7889.614  7890.609     26.0   0.97   0.244
7891.120  7892.115     36.3   1.08   0.279
7891.877  7892.872     38.6   1.81   0.476
7892.750  7893.745     28.0   1.32   0.301
7893.187  7894.182     47.2   1.83   0.651
7893.542  7894.537     63.8   3.72   0.728
7894.187  7895.182     33.2   1.91   0.524
7894.516  7895.511     23.8   2.13   0.408
7894.769  7895.764     13.5   2.12   0.376
7895.544  7896.540     67.1   6.06   1.522
7896.035  7897.030     85.0   4.96   1.173
7897.121  7898.117     19.4   0.71   0.190
7897.421  7898.417     30.1   0.72   0.212
7898.833  7899.829     23.9   0.73   0.157
7899.690  7900.686     29.1   0.93   0.172
7900.848  7901.844     68.1   1.27   0.284
7901.799  7902.795     72.2   1.35   0.417
7902.163  7903.159      7.1   0.95   0.208
7903.134  7904.130     44.5   1.37   0.298
7903.585  7904.581     28.5   1.23   0.267
7904.603  7905.599     26.1   1.71   0.390
7905.745  7906.742     25.8   1.50   0.374
7907.194  7908.191     12.6   0.59   0.111
7907.663  7908.660     62.2   0.99   0.215
7907.936  7908.933     25.3   0.95   0.129
7908.679  7909.676    117.6   4.20   1.167
7909.474  7910.472     37.1   2.36   0.712
7910.778  7911.776     40.9   2.41   0.714
7911.377  7912.374     12.7   0.97   0.184  7912.379 	Si__1
7911.899  7912.896    154.2   4.44   1.186  7912.871 	Fe__1
7912.398  7913.395     53.5   5.19   1.300
7912.757  7913.755     49.4   2.36   0.722
7914.443  7915.441     40.8   0.49   0.101
7914.716  7915.714      9.6   0.47   0.144
7915.299  7916.297     32.4   0.37   0.098
7915.639  7916.637     39.2   0.57   0.200
7915.985  7916.983     10.7   0.58   0.210
7916.454  7917.452     66.1   1.84   0.263  7917.437 	Ni__1
7916.742  7917.740     62.4   1.86   0.316
7917.040  7918.038     51.1   1.84   0.421
7917.346  7918.344     99.7   2.36   0.514  7918.387 	Si__1
7917.596  7918.595     49.7   2.43   0.599
7919.167  7920.165     53.5   2.70   0.877
7919.760  7920.759     15.4   0.81   0.235
7920.668  7921.666     73.6   1.23   0.531
7921.062  7922.060      9.2   0.88   0.245
7921.740  7922.739     34.8   1.67   0.047
7921.952  7922.951     53.2   5.37   0.085
7922.098  7923.097     40.9   6.58   0.150
7922.816  7923.815     20.0   0.77   0.099
7923.133  7924.132     50.7   1.01   0.210
7923.368  7924.367     16.6   1.01   0.219
7924.348  7925.348     53.4   1.21   0.305
7924.822  7925.821     20.7   0.93   0.201  7925.840 Si__1
7925.317  7926.316     50.0   0.92   0.157
7925.558  7926.557     17.0   0.89   0.280
7926.186  7927.185     14.7   0.86   0.156
7926.961  7927.960     63.4   2.62   0.549
7927.463  7928.463     30.9   2.47   0.498
7928.660  7929.660     89.8   2.83   0.237
7928.875  7929.875     19.8   2.71   0.461
7929.308  7930.307     36.9   2.65   0.517
7929.811  7930.811     77.6   2.48   0.478
7931.353  7932.353     78.1   1.30   0.282  7932.352 	Si__1
7931.818  7932.818     22.2   1.72   0.208
7932.139  7933.139     83.9   1.85   0.696
7932.510  7933.510     68.3   2.35   0.777
7933.875  7934.876     14.7   0.35   0.050
7935.376  7936.376     13.5   0.96   0.251
7936.146  7937.146    153.1   2.98   0.858  7937.148 	Fe__1
7936.632  7937.633     42.5   2.44   0.683
7937.024  7938.025     31.0   1.15   0.211
7937.650  7938.651     48.9   2.65   0.461
7938.223  7939.224     51.5   2.56   0.331
7939.460  7940.461      5.6   0.74   0.199
7940.089  7941.090     80.0   2.04   0.687  7941.090 Fe__1
7940.993  7941.994     58.1   3.13   1.004
7941.779  7942.781     29.0   0.85   0.167
7942.264  7943.266     27.0   1.49   0.410
7942.968  7943.970    117.2   3.40   0.777
7943.379  7944.381     49.6   1.79   0.623
7944.304  7945.306     34.9   1.84   0.422
7944.858  7945.859    158.7   4.13   0.986  7945.852 	Fe__1
7945.727  7946.729     40.5   1.04   0.294
7946.677  7947.679      5.6   1.23   0.296
7947.783  7948.785     64.5   2.37   0.729
7948.152  7949.154     58.4   3.37   0.752  7949.152 	Ti__1
7949.421  7950.424     40.4   0.82   0.145
7950.046  7951.049      6.3   1.13   0.289
7950.697  7951.700     68.9   2.01   0.572
7951.166  7952.168     16.6   1.41   0.331
7952.545  7953.548     16.0   1.22   0.228
7953.089  7954.092     17.6   1.57   0.375
7953.626  7954.629     29.9   1.36   0.235
7953.880  7954.883     37.3   1.37   0.183  7954.937 	Fe__1
7954.682  7955.685     30.0   1.72   0.484  7955.699 	Fe__1
7955.257  7956.260      8.6   1.10   0.312
7955.718  7956.722     47.6   1.18   0.217
7956.031  7957.034     44.9   1.17   0.257
7957.227  7958.231     22.9   1.53   0.318
7958.153  7959.156     30.4   1.80   0.416  7959.152 	Fe__1
7958.505  7959.508     70.9   1.79   0.544
7958.751  7959.754     18.4   1.69   0.317
7959.693  7960.696     28.6   0.63   0.148
7960.314  7961.318     23.7   1.88   0.600
7960.711  7961.715     55.5   1.73   0.619
7961.610  7962.614     67.5   1.53   0.385
7962.324  7963.328     65.7   3.22   0.753
7962.821  7963.825     28.5   2.54   0.650
7963.095  7964.099     65.4   2.66   0.355
7964.096  7965.100     53.3   3.51   1.019
7964.456  7965.460     47.7   5.09   1.392
7966.107  7967.111     30.3   0.79   0.171
7967.483  7968.488     54.1   1.50   0.313
7968.106  7969.110     37.4   1.58   0.367
7968.494  7969.498     14.8   2.49   0.405
7969.089  7970.093     42.1   5.04   0.290
7969.277  7970.282     46.7   5.05   0.249  7970.305 	Si__1
7969.822  7970.827     23.7   1.10   0.197
7970.801  7971.806     29.1   1.68   0.240
7971.451  7972.456     63.3   4.42   1.290
7972.223  7973.228      7.8   0.76   0.320
7972.801  7973.807     26.4   1.04   0.297
7973.659  7974.664     53.3   0.69   0.157
7974.137  7975.142     13.6   0.94   0.307
7974.563  7975.569     13.4   1.38   0.464  7975.578 	Si__1
7975.015  7976.021     15.3   1.07   0.229
7975.878  7976.884      7.7   0.81   0.146
7976.216  7977.222     47.6   0.86   0.166
7976.560  7977.565      6.8   1.09   0.248
7977.427  7978.432     48.1   2.21   0.740
7977.847  7978.853     67.4   1.87   0.512
7978.781  7979.787     29.1   1.52   0.537
7979.774  7980.780     44.8   0.81   0.264
7980.134  7981.140     58.7   0.68   0.204
7980.484  7981.490     16.9   0.67   0.272
7981.693  7982.699      5.8   0.57   0.117
7983.638  7984.645     51.3   1.71   0.311
7984.276  7985.283     60.9   3.36   0.882
7987.048  7988.055     42.9   4.89   0.149
7988.210  7989.217      5.5   0.83   0.152
7990.752  7991.759     15.0   1.44   0.308
7991.298  7992.305     63.7   1.32   0.326
7992.138  7993.145      6.7   0.87   0.236
7993.470  7994.478     79.1   2.33   0.203
7993.696  7994.704     31.6   2.10   0.187
7994.007  7995.015     57.4   1.41   0.349
7994.312  7995.320     21.1   1.31   0.937
7994.639  7995.647     51.8   1.30   0.319
7995.046  7996.054      5.4   0.54   0.109
7995.443  7996.451     22.0   0.73   0.282  7996.441 	Ti__1
7995.796  7996.804     18.9   0.54   0.184  7996.812 	Co__1
7996.507  7997.516      9.0   0.54   0.219
7996.852  7997.861      6.4   0.62   0.148
7997.240  7998.248     13.1   1.27   0.189
7997.951  7998.959    155.8   4.04   0.693
7998.330  7999.339     47.6   4.27   1.486
7998.773  7999.782     39.0   3.47   0.701
7999.256  8000.265     51.8   1.67   0.332
