# wavelegth, radience
1.000000000000000062e-09 0.000000000000000000e+00
1.099999999999999924e-08 1.196294479480608111e-134
2.099999999999999945e-08 6.491371057074844186e-61
3.099999999999999966e-08 4.253235661158645696e-35
4.100000000000000317e-08 4.762156195192981557e-22
5.100000000000000007e-08 3.196660045963027502e-14
6.100000000000000359e-08 4.956108407341005081e-09
7.100000000000000049e-08 2.361148069888700790e-05
8.099999999999999739e-08 1.273731328350849804e-02
9.099999999999999429e-08 1.610897424762385288e+00
1.010000000000000044e-07 7.398581012925778566e+01
1.110000000000000013e-07 1.630625065341828076e+03
1.210000000000000115e-07 2.076599617503636546e+04
1.309999999999999951e-07 1.737538459182534134e+05
1.410000000000000053e-07 1.046853417037545005e+06
1.509999999999999889e-07 4.856516999047420919e+06
1.609999999999999991e-07 1.824054858865157515e+07
1.710000000000000092e-07 5.762892709043220431e+07
1.809999999999999929e-07 1.577678901315321624e+08
1.910000000000000030e-07 3.831012361587946415e+08
2.010000000000000131e-07 8.406435715289340019e+08
2.109999999999999968e-07 1.692144719981062412e+09
2.210000000000000069e-07 3.163072329909013748e+09
2.309999999999999906e-07 5.546313402632516861e+09
2.410000000000000007e-07 9.199360972224479675e+09
2.510000000000000109e-07 1.453482918427120399e+10
2.610000000000000210e-07 2.200514743729764175e+10
2.709999999999999782e-07 3.208302420706181717e+10
2.809999999999999883e-07 4.523965721595491791e+10
2.909999999999999985e-07 6.192270939445787811e+10
3.010000000000000086e-07 8.253584279712632751e+10
3.110000000000000187e-07 1.074212045063426666e+11
3.209999999999999759e-07 1.368457867357130127e+11
3.309999999999999861e-07 1.709921163093991699e+11
3.409999999999999962e-07 2.099533198439139404e+11
3.510000000000000064e-07 2.537322892939452820e+11
3.610000000000000165e-07 3.022444471744632568e+11
3.709999999999999737e-07 3.553234768811358643e+11
3.809999999999999838e-07 4.127293278879172363e+11
3.909999999999999940e-07 4.741578112155212402e+11
4.010000000000000041e-07 5.392511499492002563e+11
4.110000000000000142e-07 6.076089268086425781e+11
4.210000000000000244e-07 6.787989625380885010e+11
4.309999999999999816e-07 7.523677548848148193e+11
4.409999999999999917e-07 8.278502007595162354e+11
4.510000000000000018e-07 9.047784089538742676e+11
4.610000000000000120e-07 9.826894847338709717e+11
4.710000000000000221e-07 1.061132229525354736e+12
4.810000000000000322e-07 1.139672748697343506e+12
4.910000000000000424e-07 1.217898998829434082e+12
5.010000000000000525e-07 1.295424333984439941e+12
5.109999999999999568e-07 1.371890129790591064e+12
5.209999999999999669e-07 1.446967576031050293e+12
5.309999999999999770e-07 1.520358734359423096e+12
5.409999999999999872e-07 1.591796959013215088e+12
5.509999999999999973e-07 1.661046776135058105e+12
5.610000000000000074e-07 1.727903312521059570e+12
5.710000000000000176e-07 1.792191358116521973e+12
5.810000000000000277e-07 1.853764139034985596e+12
5.910000000000000378e-07 1.912501869809799072e+12
6.010000000000000480e-07 1.968310145397138916e+12
6.109999999999999522e-07 2.021118225431476318e+12
6.209999999999999624e-07 2.070877255596937744e+12
6.309999999999999725e-07 2.117558463861015381e+12
6.409999999999999826e-07 2.161151362803655518e+12
6.509999999999999928e-07 2.201661983407202637e+12
6.610000000000000029e-07 2.239111160459561523e+12
6.710000000000000130e-07 2.273532885151259766e+12
6.810000000000000232e-07 2.304972736486141113e+12
6.910000000000000333e-07 2.333486399734572754e+12
7.010000000000000435e-07 2.359138277290551270e+12
7.109999999999999477e-07 2.382000194899288574e+12
7.209999999999999578e-07 2.402150204249585938e+12
7.309999999999999680e-07 2.419671481325462402e+12
7.409999999999999781e-07 2.434651318637439453e+12
7.509999999999999883e-07 2.447180208461153809e+12
7.609999999999999984e-07 2.457351013459175293e+12
7.710000000000000085e-07 2.465258220514739746e+12
7.810000000000000187e-07 2.470997273230171875e+12
7.910000000000000288e-07 2.474663978309647461e+12
8.010000000000000389e-07 2.476353980929450195e+12
8.110000000000000491e-07 2.476162304177520020e+12
8.209999999999999533e-07 2.474182947697936523e+12
8.309999999999999635e-07 2.470508540789375000e+12
8.409999999999999736e-07 2.465230045364987793e+12
8.509999999999999837e-07 2.458436504373258301e+12
8.609999999999999939e-07 2.450214831495163574e+12
8.710000000000000040e-07 2.440649638164420410e+12
8.810000000000000141e-07 2.429823094198064453e+12
8.910000000000000243e-07 2.417814818568738770e+12
9.010000000000000344e-07 2.404701797093398926e+12
9.110000000000000445e-07 2.390558324052753418e+12
9.209999999999999488e-07 2.375455964988426758e+12
9.309999999999999589e-07 2.359463538149062012e+12
9.409999999999999691e-07 2.342647112270985840e+12
9.509999999999999792e-07 2.325070018582211914e+12
9.609999999999999893e-07 2.306792875110479492e+12
9.710000000000001053e-07 2.287873621555866211e+12
9.810000000000000096e-07 2.268367563156678711e+12
9.909999999999999139e-07 2.248327422133482422e+12
1.001000000000000030e-06 2.227803395440913574e+12
1.010999999999999934e-06 2.206843217690522949e+12
1.021000000000000050e-06 2.185492228230694336e+12
1.030999999999999954e-06 2.163793441482543213e+12
1.041000000000000070e-06 2.141787619733521729e+12
1.050999999999999975e-06 2.119513347684624756e+12
1.061000000000000091e-06 2.097007108132421143e+12
1.070999999999999995e-06 2.074303358244676270e+12
1.080999999999999899e-06 2.051434605958467041e+12
1.091000000000000015e-06 2.028431486093014648e+12
1.100999999999999919e-06 2.005322835826412354e+12
1.111000000000000035e-06 1.982135769236602783e+12
1.120999999999999940e-06 1.958895750652914307e+12
1.131000000000000056e-06 1.935626666605295654e+12
1.140999999999999960e-06 1.912350896195031006e+12
1.151000000000000076e-06 1.889089379743139893e+12
1.160999999999999980e-06 1.865861685601391357e+12
1.171000000000000096e-06 1.842686075036354248e+12
1.181000000000000001e-06 1.819579565119254395e+12
1.190999999999999905e-06 1.796557989574026855e+12
1.201000000000000021e-06 1.773636057553175781e+12
1.210999999999999925e-06 1.750827410325975830e+12
1.221000000000000041e-06 1.728144675876467529e+12
1.230999999999999945e-06 1.705599521419903564e+12
1.241000000000000061e-06 1.683202703855844482e+12
1.250999999999999966e-06 1.660964118184166992e+12
1.261000000000000082e-06 1.638892843917168945e+12
1.270999999999999986e-06 1.616997189526609375e+12
1.281000000000000102e-06 1.595284734969253662e+12
1.291000000000000006e-06 1.573762372338293945e+12
1.300999999999999910e-06 1.552436344691044922e+12
1.311000000000000026e-06 1.531312283105665039e+12
1.320999999999999931e-06 1.510395242021381348e+12
1.331000000000000047e-06 1.489689732917866943e+12
1.340999999999999951e-06 1.469199756390244385e+12
1.351000000000000067e-06 1.448928832676429932e+12
1.360999999999999971e-06 1.428880030693608154e+12
1.371000000000000087e-06 1.409055995640310303e+12
1.380999999999999992e-06 1.389458975219987549e+12
1.390999999999999896e-06 1.370090844541258545e+12
1.401000000000000012e-06 1.350953129749044678e+12
1.410999999999999916e-06 1.332047030439700684e+12
1.421000000000000032e-06 1.313373440912073975e+12
1.430999999999999936e-06 1.294932970305089844e+12
1.441000000000000052e-06 1.276725961671075684e+12
1.450999999999999957e-06 1.258752510032610352e+12
1.461000000000000073e-06 1.241012479469179932e+12
1.470999999999999977e-06 1.223505519278408447e+12
1.481000000000000093e-06 1.206231079255111084e+12
1.490999999999999997e-06 1.189188424129858398e+12
1.500999999999999901e-06 1.172376647207228271e+12
1.511000000000000017e-06 1.155794683242372070e+12
1.520999999999999922e-06 1.139441320593033447e+12
1.531000000000000038e-06 1.123315212682660400e+12
1.540999999999999942e-06 1.107414888808793457e+12
1.551000000000000058e-06 1.091738764329482300e+12
1.560999999999999962e-06 1.076285150259108765e+12
1.571000000000000078e-06 1.061052262303591675e+12
1.580999999999999982e-06 1.046038229363684448e+12
1.591000000000000098e-06 1.031241101533742310e+12
1.601000000000000003e-06 1.016658857622145630e+12
1.610999999999999907e-06 1.002289412218315430e+12
1.621000000000000023e-06 9.881306223301552734e+11
1.630999999999999927e-06 9.741802936145889893e+11
1.641000000000000043e-06 9.604361862228201904e+11
1.650999999999999948e-06 9.468960202808963623e+11
1.661000000000000064e-06 9.335574810251661377e+11
1.670999999999999968e-06 9.204182236112777100e+11
1.681000000000000084e-06 9.074758776144294434e+11
1.690999999999999988e-06 8.947280512377397461e+11
1.701000000000000104e-06 8.821723352447410889e+11
1.711000000000000008e-06 8.698063066312113037e+11
1.720999999999999913e-06 8.576275320507930908e+11
1.731000000000000029e-06 8.456335710081141357e+11
1.740999999999999933e-06 8.338219788324249268e+11
1.751000000000000049e-06 8.221903094441066895e+11
1.760999999999999953e-06 8.107361179257598877e+11
1.771000000000000069e-06 7.994569629089848633e+11
1.780999999999999973e-06 7.883504087873879395e+11
1.791000000000000089e-06 7.774140277657875977e+11
1.800999999999999994e-06 7.666454017550886230e+11
1.810999999999999898e-06 7.560421241217700195e+11
1.821000000000000014e-06 7.456018013004887695e+11
1.830999999999999918e-06 7.353220542778215332e+11
1.841000000000000034e-06 7.252005199547567139e+11
1.850999999999999938e-06 7.152348523951407471e+11
1.861000000000000054e-06 7.054227239668800049e+11
1.870999999999999959e-06 6.957618263823549805e+11
1.881000000000000075e-06 6.862498716441416016e+11
1.890999999999999979e-06 6.768845929017999268e+11
1.901000000000000095e-06 6.676637452251877441e+11
1.910999999999999999e-06 6.585851062994497070e+11
1.920999999999999904e-06 6.496464770465567627e+11
1.930999999999999808e-06 6.408456821779899902e+11
1.941000000000000136e-06 6.321805706829270020e+11
1.951000000000000040e-06 6.236490162560310059e+11
1.960999999999999944e-06 6.152489176687266846e+11
1.970999999999999848e-06 6.069781990876170654e+11
1.981000000000000176e-06 5.988348103435068359e+11
1.991000000000000080e-06 5.908167271542928467e+11
2.000999999999999985e-06 5.829219513047924805e+11
2.010999999999999889e-06 5.751485107864248047e+11
2.020999999999999793e-06 5.674944598994787598e+11
2.031000000000000121e-06 5.599578793205473633e+11
2.041000000000000025e-06 5.525368761375700684e+11
2.050999999999999929e-06 5.452295838547737427e+11
2.060999999999999834e-06 5.380341623696722412e+11
2.071000000000000161e-06 5.309487979241683960e+11
2.081000000000000066e-06 5.239717030316730957e+11
2.090999999999999970e-06 5.171011163820402832e+11
2.100999999999999874e-06 5.103353027260353394e+11
2.111000000000000202e-06 5.036725527409169312e+11
2.121000000000000106e-06 4.971111828786531982e+11
2.131000000000000011e-06 4.906495351981746826e+11
2.140999999999999915e-06 4.842859771830046997e+11
2.150999999999999819e-06 4.780189015455101318e+11
2.161000000000000147e-06 4.718467260189509277e+11
2.171000000000000051e-06 4.657678931384312744e+11
2.180999999999999955e-06 4.597808700117830811e+11
2.190999999999999860e-06 4.538841480813604736e+11
2.201000000000000187e-06 4.480762428776513672e+11
2.211000000000000092e-06 4.423556937655629272e+11
2.220999999999999996e-06 4.367210636841771851e+11
2.230999999999999900e-06 4.311709388807337036e+11
2.240999999999999804e-06 4.257039286395343628e+11
2.251000000000000132e-06 4.203186650064302979e+11
2.261000000000000036e-06 4.150138025095051880e+11
2.270999999999999941e-06 4.097880178765242310e+11
2.280999999999999845e-06 4.046400097496912231e+11
2.291000000000000173e-06 3.995684983982078857e+11
2.301000000000000077e-06 3.945722254291045532e+11
2.310999999999999981e-06 3.896499534967750854e+11
2.320999999999999885e-06 3.848004660116209106e+11
2.330999999999999790e-06 3.800225668481804199e+11
2.341000000000000117e-06 3.753150800530911255e+11
2.351000000000000022e-06 3.706768495532128906e+11
2.360999999999999926e-06 3.661067388642070312e+11
2.370999999999999830e-06 3.616036307998548584e+11
2.381000000000000158e-06 3.571664271823709106e+11
2.391000000000000062e-06 3.527940485539476318e+11
2.400999999999999967e-06 3.484854338897517700e+11
2.410999999999999871e-06 3.442395403125747681e+11
2.421000000000000199e-06 3.400553428093201904e+11
2.431000000000000103e-06 3.359318339495020142e+11
2.441000000000000007e-06 3.318680236059034424e+11
2.450999999999999911e-06 3.278629386775433350e+11
2.460999999999999816e-06 3.239156228150769043e+11
2.471000000000000143e-06 3.200251361487474976e+11
2.481000000000000048e-06 3.161905550189966431e+11
2.490999999999999952e-06 3.124109717098238525e+11
2.500999999999999856e-06 3.086854941849887695e+11
2.511000000000000184e-06 3.050132458271226807e+11
2.521000000000000088e-06 3.013933651798245850e+11
2.530999999999999992e-06 2.978250056927954712e+11
2.540999999999999897e-06 2.943073354700668945e+11
2.550999999999999801e-06 2.908395370213640747e+11
2.561000000000000129e-06 2.874208070166449585e+11
2.571000000000000033e-06 2.840503560438458862e+11
2.580999999999999937e-06 2.807274083698579712e+11
2.590999999999999841e-06 2.774512017047575684e+11
2.601000000000000169e-06 2.742209869693043213e+11
2.611000000000000073e-06 2.710360280657190552e+11
2.620999999999999978e-06 2.678956016517454529e+11
2.630999999999999882e-06 2.647989969180017700e+11
2.641000000000000210e-06 2.617455153686174622e+11
2.651000000000000114e-06 2.587344706051531372e+11
2.661000000000000018e-06 2.557651881137921143e+11
2.670999999999999923e-06 2.528370050557968140e+11
2.680999999999999827e-06 2.499492700612130737e+11
2.691000000000000155e-06 2.471013430258068542e+11
2.701000000000000059e-06 2.442925949112162170e+11
2.710999999999999963e-06 2.415224075482947693e+11
2.720999999999999867e-06 2.387901734436263733e+11
2.731000000000000195e-06 2.360952955891870117e+11
2.741000000000000099e-06 2.334371872751237488e+11
2.751000000000000004e-06 2.308152719056282654e+11
2.760999999999999908e-06 2.282289828178717957e+11
2.770999999999999812e-06 2.256777631039730835e+11
2.781000000000000140e-06 2.231610654359681396e+11
2.791000000000000044e-06 2.206783518937492371e+11
2.800999999999999948e-06 2.182290937959381104e+11
2.810999999999999853e-06 2.158127715336624756e+11
2.821000000000000180e-06 2.134288744071995239e+11
2.831000000000000085e-06 2.110769004654497070e+11
2.840999999999999989e-06 2.087563563482081909e+11
2.850999999999999893e-06 2.064667571311946411e+11
2.860999999999999797e-06 2.042076261738069458e+11
2.871000000000000125e-06 2.019784949695604858e+11
2.881000000000000030e-06 1.997789029991766052e+11
2.890999999999999934e-06 1.976083975862825317e+11
2.900999999999999838e-06 1.954665337556852417e+11
2.911000000000000166e-06 1.933528740941830139e+11
2.921000000000000070e-06 1.912669886138743591e+11
2.930999999999999974e-06 1.892084546179295044e+11
2.940999999999999879e-06 1.871768565687858887e+11
2.951000000000000206e-06 1.851717859587293701e+11
2.961000000000000111e-06 1.831928411828259277e+11
2.971000000000000015e-06 1.812396274141644897e+11
2.980999999999999919e-06 1.793117564813756409e+11
2.990999999999999823e-06 1.774088467483881836e+11
